# 2017 Blue/Deacon Rockfish Assessment for California
# Point Conception to the CA-OR border
# E.J. Dick, NMFS/SWFSC, edward.dick@noaa.gov
# Stock Synthesis V3.30.03.07

1900 #_styr
2016 #_endyr
1    #_nseas
12   #_months/season
2    #_N_subseasons(even number, minimum is 2)
1    #_spawn_month
2    #_Ngenders
35   #_Nages = accumulator age
1    #_N_areas
14   #_Nfleets (including surveys)
#_fleet_type: 1=catch fleet; 2=bycatch only fleet; 3=survey; 4=ignore 
#_survey_timing: -1=for use of catch-at-age to override the month value associated with a datum 
#_fleet_area:  area the fleet/survey operates in 
#_units of catch:  1=bio; 2=num (ignored for surveys; their units read later)
#_catch_mult: 0=no; 1=yes
#_rows are fleets
#_fleet_type, timing, area, units, need_catch_mult fleetname
#_Northern CA catch fleets
1 -1 1 1 0 REC_CPFV_N # 1 -- rec catch is in biomass; rec cpue is in numbers
1 -1 1 1 0 REC_PRIV_N_MRFSS # 2
1 -1 1 1 0 REC_PRIV_N_CRFS # 3 -- selex mirrors fleet #2; separate data weight (large sample sizes)
1 -1 1 1 0 REC_DISC_N # 4
1 -1 1 1 0 COM_HKL_N  # 5
1 -1 1 1 0 COM_NET_N  # 6
1 -1 1 1 0 COM_OTH_N  # 7 -- mirror HKL selex
1 -1 1 1 0 COM_DISC_N # 8
#_Northern CA surveys
3  7 1 2 0 ONBOARD_CPFV_88_98_N # 9
3  7 1 2 0 JUV_SWFSC_N          # 10 (YOY)
3  7 1 2 0 ONBOARD_CPFV_01_16_N # 11
3  7 1 2 0 SCHMIDT_N            # 12
3  7 1 2 0 ABRAMS_N             # 13
# Survey for decision table (turned off in base; lambda=0)
3  7 1 2 0 SSB_Survey_2017     # 14
#
#_Catch data: yr, seas, fleet, catch, catch_se ("long format")
#_catch_se:  standard error of log(catch); can be overridden in control file with detailed F input
#year	season	fleet	catch	catch_se
-999	1	1	0	0.01	# REC_CPFV_N
1928	1	1	1.45	0.01	# begin Ralston et al. 2010
1929	1	1	2.89	0.01
1930	1	1	3.32	0.01
1931	1	1	4.43	0.01
1932	1	1	5.54	0.01
1933	1	1	6.65	0.01
1934	1	1	7.76	0.01
1935	1	1	8.87	0.01
1936	1	1	9.97	0.01
1937	1	1	11.82	0.01
1938	1	1	11.63	0.01
1939	1	1	10.17	0.01
1940	1	1	14.64	0.01
1941	1	1	13.53	0.01
1942	1	1	7.19	0.01
1943	1	1	6.88	0.01
1944	1	1	5.65	0.01
1945	1	1	7.53	0.01
1946	1	1	12.96	0.01
1947	1	1	10.25	0.01
1948	1	1	20.45	0.01
1949	1	1	26.51	0.01
1950	1	1	32.31	0.01
1951	1	1	48.16	0.01
1952	1	1	41.90	0.01
1953	1	1	35.68	0.01
1954	1	1	44.36	0.01
1955	1	1	52.88	0.01
1956	1	1	59.05	0.01
1957	1	1	57.60	0.01
1958	1	1	94.57	0.01
1959	1	1	79.05	0.01
1960	1	1	61.21	0.01
1961	1	1	46.26	0.01
1962	1	1	60.68	0.01
1963	1	1	69.81	0.01
1964	1	1	64.43	0.01
1965	1	1	94.19	0.01
1966	1	1	105.91	0.01
1967	1	1	111.95	0.01
1968	1	1	122.13	0.01
1969	1	1	132.39	0.01
1970	1	1	155.86	0.01
1971	1	1	141.92	0.01
1972	1	1	172.12	0.01
1973	1	1	201.96	0.01
1974	1	1	213.66	0.01
1975	1	1	213.49	0.01
1976	1	1	233.16	0.01
1977	1	1	222.74	0.01
1978	1	1	213.23	0.01
1979	1	1	227.88	0.01
1980	1	1	228.17	0.01	# note use of Ralston et al. for 1980
1981	1	1	554.63	0.01	# begin RecFIN (MRFSS, A+B1)
1982	1	1	427.13	0.01
1983	1	1	358.89	0.01
1984	1	1	230.13	0.01
1985	1	1	140.44	0.01
1986	1	1	32.88	0.01
1987	1	1	49.63	0.01
1988	1	1	109.45	0.01
1989	1	1	80.68	0.01
1990	1	1	81.87	0.01
1991	1	1	83.07	0.01
1992	1	1	84.27	0.01
1993	1	1	85.46	0.01
1994	1	1	86.66	0.01
1995	1	1	87.86	0.01
1996	1	1	89.05	0.01
1997	1	1	215.93	0.01
1998	1	1	116.84	0.01
1999	1	1	106.24	0.01
2000	1	1	99.96	0.01
2001	1	1	74.62	0.01
2002	1	1	68.76	0.01
2003	1	1	47.59	0.01
2004	1	1	98.24	0.01	# begin RecFIN (CRFS)
2005	1	1	209.25	0.01
2006	1	1	174.21	0.01
2007	1	1	95.03	0.01
2008	1	1	47.11	0.01
2009	1	1	21.49	0.01
2010	1	1	28.93	0.01
2011	1	1	34.97	0.01
2012	1	1	30.12	0.01
2013	1	1	66.84	0.01
2014	1	1	64.38	0.01
2015	1	1	91.73	0.01	# Begin New RecFIN
2016	1	1	81.23	0.01
-999	1	2	0	0.01	# REC_PRIV_N_MRFSS
1928	1	2	5.85	0.01	# begin Ralston et al. 2010
1929	1	2	11.69	0.01
1930	1	2	13.44	0.01
1931	1	2	17.91	0.01
1932	1	2	22.39	0.01
1933	1	2	26.87	0.01
1934	1	2	31.35	0.01
1935	1	2	35.83	0.01
1936	1	2	40.31	0.01
1937	1	2	47.78	0.01
1938	1	2	46.99	0.01
1939	1	2	41.09	0.01
1940	1	2	59.18	0.01
1941	1	2	54.70	0.01
1942	1	2	29.05	0.01
1943	1	2	27.79	0.01
1944	1	2	22.81	0.01
1945	1	2	30.42	0.01
1946	1	2	52.36	0.01
1947	1	2	41.42	0.01
1948	1	2	82.67	0.01
1949	1	2	107.14	0.01
1950	1	2	130.56	0.01
1951	1	2	149.12	0.01
1952	1	2	129.75	0.01
1953	1	2	110.49	0.01
1954	1	2	137.36	0.01
1955	1	2	163.75	0.01
1956	1	2	182.84	0.01
1957	1	2	178.98	0.01
1958	1	2	297.26	0.01
1959	1	2	244.39	0.01
1960	1	2	189.94	0.01
1961	1	2	140.60	0.01
1962	1	2	159.71	0.01
1963	1	2	169.24	0.01
1964	1	2	116.96	0.01
1965	1	2	190.57	0.01
1966	1	2	192.70	0.01
1967	1	2	185.67	0.01
1968	1	2	203.27	0.01
1969	1	2	211.22	0.01
1970	1	2	259.39	0.01
1971	1	2	198.66	0.01
1972	1	2	274.28	0.01
1973	1	2	325.72	0.01
1974	1	2	344.65	0.01
1975	1	2	302.65	0.01
1976	1	2	338.45	0.01
1977	1	2	277.14	0.01
1978	1	2	219.30	0.01
1979	1	2	237.68	0.01
1980	1	2	250.85	0.01
1981	1	2	265.75	0.01	# begin RecFIN (MRFSS)
1982	1	2	223.53	0.01
1983	1	2	181.38	0.01
1984	1	2	195.40	0.01
1985	1	2	120.83	0.01
1986	1	2	91.29	0.01
1987	1	2	208.89	0.01
1988	1	2	196.14	0.01
1989	1	2	149.54	0.01
1990	1	2	227.26	0.01
1991	1	2	304.99	0.01
1992	1	2	382.71	0.01
1993	1	2	460.43	0.01
1994	1	2	164.85	0.01
1995	1	2	102.71	0.01
1996	1	2	73.25	0.01
1997	1	2	79.43	0.01
1998	1	2	132.25	0.01
1999	1	2	90.12	0.01
2000	1	2	47.96	0.01
2001	1	2	38.21	0.01
2002	1	2	78.72	0.01
2003	1	2	171.56	0.01
-999	1	3	0	0.01	# REC_PRIV_N_CRFS
2004	1	3	51.40	0.01	# begin RecFIN (CRFS)
2005	1	3	62.44	0.01
2006	1	3	109.94	0.01
2007	1	3	39.88	0.01
2008	1	3	28.77	0.01
2009	1	3	16.89	0.01
2010	1	3	21.56	0.01
2011	1	3	23.53	0.01
2012	1	3	18.54	0.01
2013	1	3	35.95	0.01
2014	1	3	49.37	0.01
2015	1	3	63.91	0.01	# Begin New RecFIN
2016	1	3	41.79	0.01
-999	1	4	0.00	0.01	# REC_DISC_N, fixed fraction (2%)
1928	1	4	0.15	0.01
1929	1	4	0.29	0.01
1930	1	4	0.34	0.01
1931	1	4	0.45	0.01
1932	1	4	0.56	0.01
1933	1	4	0.67	0.01
1934	1	4	0.78	0.01
1935	1	4	0.89	0.01
1936	1	4	1.01	0.01
1937	1	4	1.19	0.01
1938	1	4	1.17	0.01
1939	1	4	1.03	0.01
1940	1	4	1.48	0.01
1941	1	4	1.36	0.01
1942	1	4	0.72	0.01
1943	1	4	0.69	0.01
1944	1	4	0.57	0.01
1945	1	4	0.76	0.01
1946	1	4	1.31	0.01
1947	1	4	1.03	0.01
1948	1	4	2.06	0.01
1949	1	4	2.67	0.01
1950	1	4	3.26	0.01
1951	1	4	3.95	0.01
1952	1	4	3.43	0.01
1953	1	4	2.92	0.01
1954	1	4	3.63	0.01
1955	1	4	4.33	0.01
1956	1	4	4.84	0.01
1957	1	4	4.73	0.01
1958	1	4	7.84	0.01
1959	1	4	6.47	0.01
1960	1	4	5.02	0.01
1961	1	4	3.74	0.01
1962	1	4	4.41	0.01
1963	1	4	4.78	0.01
1964	1	4	3.63	0.01
1965	1	4	5.70	0.01
1966	1	4	5.97	0.01
1967	1	4	5.95	0.01
1968	1	4	6.51	0.01
1969	1	4	6.87	0.01
1970	1	4	8.30	0.01
1971	1	4	6.81	0.01
1972	1	4	8.93	0.01
1973	1	4	10.55	0.01
1974	1	4	11.17	0.01
1975	1	4	10.32	0.01
1976	1	4	11.43	0.01
1977	1	4	10.00	0.01
1978	1	4	8.65	0.01
1979	1	4	9.31	0.01
1980	1	4	9.58	0.01
1981	1	4	16.41	0.01
1982	1	4	13.01	0.01
1983	1	4	10.81	0.01
1984	1	4	8.51	0.01
1985	1	4	5.23	0.01
1986	1	4	2.48	0.01
1987	1	4	5.17	0.01
1988	1	4	6.11	0.01
1989	1	4	4.60	0.01
1990	1	4	6.18	0.01
1991	1	4	7.76	0.01
1992	1	4	9.34	0.01
1993	1	4	10.92	0.01
1994	1	4	5.03	0.01
1995	1	4	3.81	0.01
1996	1	4	3.25	0.01
1997	1	4	5.91	0.01
1998	1	4	4.98	0.01
1999	1	4	3.93	0.01
2000	1	4	2.96	0.01
2001	1	4	2.26	0.01
2002	1	4	2.95	0.01
2003	1	4	4.38	0.01
2004	1	4	2.99	0.01
2005	1	4	5.43	0.01
2006	1	4	5.68	0.01
2007	1	4	2.70	0.01
2008	1	4	1.52	0.01
2009	1	4	0.77	0.01
2010	1	4	1.01	0.01
2011	1	4	1.17	0.01
2012	1	4	0.97	0.01
2013	1	4	2.06	0.01
2014	1	4	2.27	0.01
2015	1	4	3.11	0.01
2016	1	4	2.46	0.01
-999	1	5	0	0.01	# COM_HKL_N
1900	1	5	0.00	0.01	# begin ramp to Ralston et al. 1916
1901	1	5	1.10	0.01
1902	1	5	2.21	0.01
1903	1	5	3.31	0.01
1904	1	5	4.41	0.01
1905	1	5	5.51	0.01
1906	1	5	6.62	0.01
1907	1	5	7.72	0.01
1908	1	5	8.82	0.01
1909	1	5	9.92	0.01
1910	1	5	11.03	0.01
1911	1	5	12.13	0.01
1912	1	5	13.23	0.01
1913	1	5	14.33	0.01
1914	1	5	15.44	0.01
1915	1	5	16.54	0.01
1916	1	5	17.64	0.01	# begin Ralston et al.
1917	1	5	27.52	0.01	#  assume non-trawl = HKL
1918	1	5	32.73	0.01
1919	1	5	22.19	0.01
1920	1	5	22.73	0.01
1921	1	5	19.02	0.01
1922	1	5	16.31	0.01
1923	1	5	17.35	0.01
1924	1	5	10.43	0.01
1925	1	5	13.78	0.01
1926	1	5	21.32	0.01
1927	1	5	19.41	0.01
1928	1	5	22.13	0.01
1929	1	5	18.91	0.01
1930	1	5	26.98	0.01
1931	1	5	23.59	0.01
1932	1	5	19.74	0.01
1933	1	5	10.94	0.01
1934	1	5	17.62	0.01
1935	1	5	21.62	0.01
1936	1	5	38.17	0.01
1937	1	5	35.44	0.01
1938	1	5	24.63	0.01
1939	1	5	11.47	0.01
1940	1	5	12.49	0.01
1941	1	5	8.10	0.01
1942	1	5	4.02	0.01
1943	1	5	6.34	0.01
1944	1	5	18.47	0.01
1945	1	5	41.23	0.01
1946	1	5	42.21	0.01
1947	1	5	15.17	0.01
1948	1	5	25.24	0.01 # 1948-68 includes historical catch
1949	1	5	16.68	0.01 # landed in CA, but caught off Oregon
1950	1	5	28.38	0.01
1951	1	5	26.16	0.01
1952	1	5	18.46	0.01
1953	1	5	7.16	0.01
1954	1	5	10.93	0.01
1955	1	5	9.16	0.01
1956	1	5	28.85	0.01
1957	1	5	26.87	0.01
1958	1	5	20.01	0.01
1959	1	5	10.08	0.01
1960	1	5	4.61	0.01
1961	1	5	3.15	0.01
1962	1	5	2.19	0.01
1963	1	5	2.57	0.01
1964	1	5	1.72	0.01
1965	1	5	2.97	0.01
1966	1	5	4.16	0.01
1967	1	5	3.84	0.01
1968	1	5	2.98	0.01
1969	1	5	8.49	0.01	# begin CALCOM
1970	1	5	10.48	0.01
1971	1	5	7.80	0.01
1972	1	5	12.23	0.01
1973	1	5	19.29	0.01
1974	1	5	15.61	0.01
1975	1	5	15.97	0.01
1976	1	5	22.22	0.01
1977	1	5	18.24	0.01
1978	1	5	4.58	0.01
1979	1	5	34.67	0.01
1980	1	5	49.55	0.01
1981	1	5	35.87	0.01
1982	1	5	57.79	0.01
1983	1	5	70.22	0.01
1984	1	5	24.64	0.01
1985	1	5	41.91	0.01
1986	1	5	2.81	0.01
1987	1	5	7.78	0.01
1988	1	5	7.71	0.01
1989	1	5	17.15	0.01
1990	1	5	26.85	0.01
1991	1	5	35.39	0.01
1992	1	5	181.41	0.01
1993	1	5	133.83	0.01
1994	1	5	71.95	0.01
1995	1	5	28.44	0.01
1996	1	5	44.02	0.01
1997	1	5	62.67	0.01
1998	1	5	47.53	0.01
1999	1	5	35.51	0.01
2000	1	5	12.51	0.01
2001	1	5	16.08	0.01
2002	1	5	15.14	0.01
2003	1	5	6.60	0.01
2004	1	5	12.10	0.01
2005	1	5	17.67	0.01
2006	1	5	18.73	0.01
2007	1	5	13.14	0.01
2008	1	5	26.02	0.01
2009	1	5	7.28	0.01
2010	1	5	4.92	0.01
2011	1	5	7.10	0.01
2012	1	5	6.62	0.01
2013	1	5	6.05	0.01
2014	1	5	5.88	0.01
2015	1	5	9.15	0.01
2016	1	5	7.10	0.01
-999	1	6	0	0.01	# COM_NET_N
1969	1	6	3.463	0.01
1970	1	6	4.480	0.01
1971	1	6	25.937	0.01
1972	1	6	32.181	0.01
1973	1	6	74.651	0.01
1974	1	6	106.451	0.01
1975	1	6	119.174	0.01
1976	1	6	39.107	0.01
1977	1	6	52.183	0.01
1978	1	6	16.602	0.01
1979	1	6	13.248	0.01
1980	1	6	2.297	0.01
1981	1	6	1.158	0.01
1982	1	6	0.467	0.01
1983	1	6	0.829	0.01
1984	1	6	1.324	0.01
1985	1	6	139.339	0.01
1986	1	6	12.781	0.01
1987	1	6	0.424	0.01
1988	1	6	0.128	0.01
1989	1	6	14.096	0.01
1990	1	6	1.524	0.01
1991	1	6	1.435	0.01
1992	1	6	0.009	0.01
1993	1	6	0.325	0.01
1994	1	6	0.026	0.01
1995	1	6	0.000	0.01
1996	1	6	0.082	0.01
1997	1	6	0.022	0.01
1998	1	6	0.017	0.01
1999	1	6	0.064	0.01
2000	1	6	0.000	0.01
2001	1	6	0.000	0.01
2002	1	6	0.000	0.01
2003	1	6	0.000	0.01
2004	1	6	0.000	0.01
2005	1	6	0.000	0.01
2006	1	6	0.000	0.01
2007	1	6	0.18	0.01
-999	1	7	0	0.01	# COM_OTH_N
1916	1	7	0.17	0.01	# begin Ralston et al.
1917	1	7	0.26	0.01
1918	1	7	0.30	0.01
1919	1	7	0.21	0.01
1920	1	7	0.21	0.01
1921	1	7	0.18	0.01
1922	1	7	0.15	0.01
1923	1	7	0.16	0.01
1924	1	7	0.09	0.01
1925	1	7	0.12	0.01
1926	1	7	0.19	0.01
1927	1	7	0.16	0.01
1928	1	7	0.20	0.01
1929	1	7	0.16	0.01
1930	1	7	0.23	0.01
1931	1	7	0.10	0.01
1932	1	7	0.25	0.01
1933	1	7	0.25	0.01
1934	1	7	0.17	0.01
1935	1	7	0.10	0.01
1936	1	7	0.14	0.01
1937	1	7	0.25	0.01
1938	1	7	0.21	0.01
1939	1	7	0.15	0.01
1940	1	7	0.08	0.01
1941	1	7	0.11	0.01
1942	1	7	0.01	0.01
1943	1	7	0.02	0.01
1944	1	7	0.01	0.01
1945	1	7	0.02	0.01
1946	1	7	0.01	0.01
1947	1	7	0.12	0.01
1948	1	7	0.09	0.01
1949	1	7	0.53	0.01
1950	1	7	1.99	0.01
1951	1	7	3.99	0.01
1952	1	7	5.57	0.01
1953	1	7	7.05	0.01
1954	1	7	4.50	0.01
1955	1	7	2.55	0.01
1956	1	7	4.17	0.01
1957	1	7	4.42	0.01
1958	1	7	7.45	0.01
1959	1	7	9.13	0.01
1960	1	7	5.21	0.01
1961	1	7	4.00	0.01
1962	1	7	3.29	0.01
1963	1	7	3.52	0.01
1964	1	7	2.38	0.01
1965	1	7	2.51	0.01
1966	1	7	2.58	0.01
1967	1	7	1.59	0.01
1968	1	7	1.29	0.01
1969	1	7	2.47	0.01	# begin CALCOM
1970	1	7	3.50	0.01
1971	1	7	2.86	0.01
1972	1	7	4.48	0.01
1973	1	7	5.06	0.01
1974	1	7	6.61	0.01
1975	1	7	9.79	0.01
1976	1	7	10.82	0.01
1977	1	7	11.42	0.01
1978	1	7	24.64	0.01
1979	1	7	9.76	0.01
1980	1	7	0.30	0.01
1981	1	7	29.86	0.01
1982	1	7	2.85	0.01
1983	1	7	0.18	0.01
1984	1	7	0.32	0.01
1985	1	7	3.47	0.01
1986	1	7	0.28	0.01
1987	1	7	0.05	0.01
1988	1	7	0.01	0.01
1989	1	7	0.21	0.01
1990	1	7	0.07	0.01
1991	1	7	0.01	0.01
1992	1	7	0.04	0.01
1993	1	7	0.01	0.01
1994	1	7	0.42	0.01
1995	1	7	6.25	0.01
1996	1	7	0.03	0.01
1997	1	7	1.00	0.01
1998	1	7	0.35	0.01
1999	1	7	0.17	0.01
2000	1	7	0.30	0.01
2001	1	7	0.08	0.01
2002	1	7	0.07	0.01
2003	1	7	0.06	0.01
2004	1	7	0.01	0.01
2005	1	7	0.10	0.01
2006	1	7	0.04	0.01
2007	1	7	0.08	0.01
2008	1	7	0.31	0.01
2009	1	7	0.07	0.01
2010	1	7	0.01	0.01
2011	1	7	0.02	0.01
2012	1	7	0.02	0.01
2013	1	7	0.05	0.01
2014	1	7	0.02	0.01
2015	1	7	0.03	0.01
2016	1	7	0.06	0.01
-999	1	8	0	0.01	# COM_DISC_N
1900	1	8	0.00	0.01
1901	1	8	0.56	0.01
1902	1	8	1.12	0.01
1903	1	8	1.67	0.01
1904	1	8	2.23	0.01
1905	1	8	2.79	0.01
1906	1	8	3.35	0.01
1907	1	8	3.91	0.01
1908	1	8	4.47	0.01
1909	1	8	5.02	0.01
1910	1	8	5.58	0.01
1911	1	8	6.14	0.01
1912	1	8	6.70	0.01
1913	1	8	7.26	0.01
1914	1	8	7.82	0.01
1915	1	8	8.37	0.01
1916	1	8	9.02	0.01
1917	1	8	14.07	0.01
1918	1	8	16.72	0.01
1919	1	8	11.34	0.01
1920	1	8	11.62	0.01
1921	1	8	9.72	0.01
1922	1	8	8.34	0.01
1923	1	8	8.87	0.01
1924	1	8	5.33	0.01
1925	1	8	7.04	0.01
1926	1	8	10.89	0.01
1927	1	8	9.91	0.01
1928	1	8	11.31	0.01
1929	1	8	9.66	0.01
1930	1	8	13.78	0.01
1931	1	8	12.00	0.01
1932	1	8	10.12	0.01
1933	1	8	5.67	0.01
1934	1	8	9.01	0.01
1935	1	8	10.99	0.01
1936	1	8	19.40	0.01
1937	1	8	18.07	0.01
1938	1	8	12.57	0.01
1939	1	8	5.88	0.01
1940	1	8	6.36	0.01
1941	1	8	4.15	0.01
1942	1	8	2.04	0.01
1943	1	8	3.22	0.01
1944	1	8	9.35	0.01
1945	1	8	20.88	0.01
1946	1	8	21.38	0.01
1947	1	8	7.74	0.01
1948	1	8	12.17	0.01
1949	1	8	8.39	0.01
1950	1	8	15.32	0.01
1951	1	8	15.23	0.01
1952	1	8	11.97	0.01
1953	1	8	7.15	0.01
1954	1	8	7.52	0.01
1955	1	8	5.92	0.01
1956	1	8	16.70	0.01
1957	1	8	15.83	0.01
1958	1	8	13.84	0.01
1959	1	8	9.70	0.01
1960	1	8	4.95	0.01
1961	1	8	3.61	0.01
1962	1	8	2.76	0.01
1963	1	8	3.01	0.01
1964	1	8	2.05	0.01
1965	1	8	2.72	0.01
1966	1	8	3.39	0.01
1967	1	8	2.73	0.01
1968	1	8	2.14	0.01
1969	1	8	7.30	0.01
1970	1	8	9.35	0.01
1971	1	8	18.53	0.01
1972	1	8	24.75	0.01
1973	1	8	50.12	0.01
1974	1	8	65.15	0.01
1975	1	8	73.38	0.01
1976	1	8	36.53	0.01
1977	1	8	41.43	0.01
1978	1	8	23.20	0.01
1979	1	8	29.20	0.01
1980	1	8	26.40	0.01
1981	1	8	33.87	0.01
1982	1	8	30.94	0.01
1983	1	8	36.06	0.01
1984	1	8	13.31	0.01
1985	1	8	93.52	0.01
1986	1	8	8.04	0.01
1987	1	8	4.18	0.01
1988	1	8	3.97	0.01
1989	1	8	15.93	0.01
1990	1	8	14.40	0.01
1991	1	8	18.65	0.01
1992	1	8	91.87	0.01
1993	1	8	67.93	0.01
1994	1	8	36.65	0.01
1995	1	8	17.56	0.01
1996	1	8	22.34	0.01
1997	1	8	32.24	0.01
1998	1	8	24.25	0.01
1999	1	8	18.10	0.01
2000	1	8	6.49	0.01
2001	1	8	8.18	0.01
2002	1	8	7.70	0.01
2003	1	8	3.37	0.01
2004	1	8	6.13	0.01
2005	1	8	9.00	0.01
2006	1	8	9.50	0.01
2007	1	8	6.78	0.01
2008	1	8	13.33	0.01
2009	1	8	3.72	0.01
2010	1	8	2.49	0.01
2011	1	8	3.60	0.01
2012	1	8	3.36	0.01
2013	1	8	3.09	0.01
2014	1	8	2.99	0.01
2015	1	8	4.65	0.01
2016	1	8	3.62	0.01
-9999 0 0 0 0
#
#_CPUE_and_surveyabundance_observations
#_Units:  0=numbers; 1=biomass; 2=F; >=30 for special types
#_Errtype:  -1=normal; 0=lognormal; >0=T
#_Fleet Units Errtype SD_report
 1 0 0 0 # REC_CPFV_N -- rec cpue units in numbers
 2 0 0 0 # REC_PRIV_N_MRFSS
 3 0 0 0 # REC_PRIV_N_CRFS
 4 0 0 0 # REC_DISC_N
 5 1 0 0 # COM_HKL_N
 6 1 0 0 # COM_NET_N
 7 1 0 0 # COM_OTH_N
 8 1 0 0 # COM_DISC_N
 9 0 0 0 # ONBOARD_CPFV_CenCA_N
10 0 0 0 # JUV_SWFSC_N
11 0 0 0 # ONBOARD_CPFV_01_16_N
12 0 0 0 # SCHMIDT_N
13 0 0 0 # ABRAMS_N
14 30 0 0 # SSB_Survey_2017 (lambda=0 in base)
#
# MRFSS CPFV CPUE
#_yr month fleet obs stderr
1980 7 1 1.6006 0.2188 # MRFSS_CPFV_N
1981 7 1 1.9449 0.2896
1982 7 1 2.7951 0.4049
1983 7 1 2.3512 0.3153
1984 7 1 1.7438 0.2565
1985 7 1 1.1150 0.1515
1986 7 1 0.3960 0.1835
1987 7 1 0.7581 0.2254
1988 7 1 1.4172 0.4358
1989 7 1 0.8865 0.2968
1995 7 1 0.8164 0.2785
1996 7 1 1.4779 0.1681
1999 7 1 1.2736 0.1733
#
# CRFS PR DOCKSIDE INDEX
2004 7 3 1.4807 0.0375
2005 7 3 1.3483 0.0329
2006 7 3 1.8052 0.0294
2007 7 3 0.8866 0.0343
2008 7 3 0.7230 0.0356
2009 7 3 0.4681 0.0364
2010 7 3 0.4512 0.0504
2011 7 3 0.4978 0.0455
2012 7 3 0.4517 0.0481
2013 7 3 0.5707 0.0419
2014 7 3 0.7434 0.0383
2015 7 3 0.8456 0.0333
2016 7 3 0.8304 0.0369
#
#CDFG CPFV onboard observer survey - central California
# EXCLUDE 1987 BECAUSE SAMPLING WAS LIMITED TO MONTEREY AND SANTA CRUZ COUNTIES
1988 7 9 3.7105 0.1553
1989 7 9 2.7750 0.1390
1990 7 9 1.8718 0.4051
1991 7 9 3.2430 0.2418
1992 7 9 4.2228 0.1402
1993 7 9 3.4775 0.1276
1994 7 9 2.5808 0.1389
1995 7 9 1.9583 0.1000
1996 7 9 2.5735 0.1069
1997 7 9 4.5569 0.0962
1998 7 9 5.3924 0.1005
#
# SWFSC pelagic juvenile midwater trawl survey
#_yr month fleet obs logSE
2001 7 10  4.0619  0.3509
2002 7 10  8.811   0.2519
2003 7 10  6.7425  0.2617
2004 7 10 11.5144  0.2538
2005 7 10  3.1022  0.4228
2006 7 10  1.19985 0.6653 # no positive obs., assume half smallest value, largest CV
2007 7 10  4.2229  0.422
2008 7 10  2.3997  0.6653
2009 7 10  3.4644  0.3642
2010 7 10  3.6294  0.5523
2011 7 10  4.3434  0.4325
2012 7 10  1.19985 0.6653 # no positive obs., assume half smallest value, largest CV
2013 7 10 19.7774  0.334
2014 7 10  4.9636  0.3734
2015 7 10  4.4742  0.4856
2016 7 10  4.7643  0.5047
#
# ONBOARD_CPFV_01_16_N
# treated as an independent survey, linked to fishery via selex
2001 7 11 0.2889 0.2601
2002 7 11 1.2692 0.1794
2003 7 11 0.7028 0.0652
2004 7 11 1.5789 0.0710
2005 7 11 1.3782 0.0793
2006 7 11 2.2201 0.1135
2007 7 11 0.7361 0.0786
2008 7 11 0.7187 0.0655
2009 7 11 0.2528 0.0649
2010 7 11 0.3807 0.0775
2011 7 11 0.2824 0.0681
2012 7 11 0.2776 0.0793
2013 7 11 0.4729 0.0653
2014 7 11 0.5136 0.0622
2015 7 11 0.6504 0.0691
2016 7 11 0.5710 0.0585
#
# SSB_Survey_2017; lambda = 0 in base
# used for decision table (lambda=0 in base); pegs SSB(Jan 1, 2017) to bounds of 75% SSB(2017) interval
2016 12.99 14 900 0.0001
-9999 1 1 1 1 # terminator for survey observations 
#
0 #_N_fleets_with_discard
#
0 #_use meanbodysize_data (0/1)
#
# set up population length bin structure
2 # length bin method: 1=use databins; 2=generate from binwidth,min,max below; 3=read vector
1 # Bin width
7 # Lower size of first bin
53 # Lower size of largest bin
#
1 # use length composition data (0/1)
#_mintailcomp: upper and lower distribution for females and males separately are accumulated until exceeding this level.
#_addtocomp:  after accumulation of tails; this value added to all bins
#_males and females treated as combined gender below this bin number 
#_compressbins: accumulate upper tail by this number of bins; acts simultaneous with mintailcomp; set=0 for no forced accumulation
#_Comp_Error:  0=multinomial, 1=dirichlet
#_Comp_Error2:  parm number  for dirichlet
#_mintailcomp_addtocomp_combM+F_CompressBins_CompError_ParmSelect
-1 1e-06 0 0 0 0 #_fleet: 1_REC_CPFV_N
-1 1e-06 0 0 0 0 #_fleet: 2_REC_PRIV_N_MRFSS
-1 1e-06 0 0 0 0 #_fleet: 3_REC_PRIV_N_CRFS
-1 1e-06 0 0 0 0 #_fleet: 4_REC_DISC_N
-1 1e-06 0 0 0 0 #_fleet: 5_COM_HKL_N
-1 1e-06 0 0 0 0 #_fleet: 6_COM_NET_N
-1 1e-06 0 0 0 0 #_fleet: 7_COM_OTH_N
-1 1e-06 0 0 0 0 #_fleet: 8_COM_DISC_N
-1 1e-06 0 0 0 0 #_fleet: 9_ONBOARD_CPFV_88_98_N
-1 1e-06 0 0 0 0 #_fleet: 10_JUV_SWFSC_N
-1 1e-06 0 0 0 0 #_fleet: 11_ONBOARD_CPFV_01_16_N
-1 1e-06 0 0 0 0 #_fleet: 12_SCHMIDT_N
-1 1e-06 0 0 0 0 #_fleet: 13_ABRAMS_N
-1 1e-06 0 0 0 0 #_fleet: 14_SSB_Survey
#
# sex codes:  0=combined; 1=use female only; 2=use male only; 3=use both as joint sexxlength distribution
# partition codes:  (0=combined; 1=discard; 2=retained
22 #_N_LengthBins; then enter lower edge of each length bin
 10 12 14 16 18 20 22 24 26 28 30 32 34 36 38 40 42 44 46 48 50 52
#
# Karpov et al. 1995 partyboat length comps, coastal districts 1-5
# Ntrips = fraction of Nfish
#_yr month fleet sex part Ntrips F10 F12 F14 F16 F18 F20 F22 F24 F26 F28 F30 F32 F34 F36 F38 F40 F42 F44 F46 F48 F50 F52 M10 M12 M14 M16 M18 M20 M22 M24 M26 M28 M30 M32 M34 M36 M38 M40 M42 M44 M46 M48 M50 M52
 1959 7 1 0 2  67 0 0 0 0 0 0 7 19 63 195 438 575 437 208 58 14 1 0 0 0 0 0 0 0 0 0 0 0 0 0 0 0 0 0 0 0 0 0 0 0 0 0 0 0
 1960 7 1 0 2 421 0 0 22 56 159 257 519 961 1457 1712 1925 2247 1585 894 483 264 78 10 0 0 0 0 0 0 0 0 0 0 0 0 0 0 0 0 0 0 0 0 0 0 0 0 0 0
 1961 7 1 0 2  54 4 2 3 15 91 117 119 108 130 126 195 265 193 148 69 26 4 0 0 0 0 0 0 0 0 0 0 0 0 0 0 0 0 0 0 0 0 0 0 0 0 0 0 0
 1962 7 1 0 2 186 0 1 21 18 68 266 729 1037 763 196 284 681 797 482 209 40 6 0 0 0 0 0 0 0 0 0 0 0 0 0 0 0 0 0 0 0 0 0 0 0 0 0 0 0
 1963 7 1 0 2 328 0 3 16 79 252 524 1165 1797 1957 745 559 1000 946 479 241 69 6 1 0 0 0 0 0 0 0 0 0 0 0 0 0 0 0 0 0 0 0 0 0 0 0 0 0 0
 1964 7 1 0 2  98 0 3 8 13 56 176 282 363 674 565 223 90 147 181 118 22 3 0 0 1 0 1 0 0 0 0 0 0 0 0 0 0 0 0 0 0 0 0 0 0 0 0 0 0
 1966 7 1 0 2  44 0 0 2 2 17 59 123 173 175 173 151 189 137 77 24 2 2 0 0 0 0 0 0 0 0 0 0 0 0 0 0 0 0 0 0 0 0 0 0 0 0 0 0 0
 1967 7 1 0 2  59 0 0 2 16 56 103 154 247 297 274 232 196 105 65 22 5 1 0 0 0 0 0 0 0 0 0 0 0 0 0 0 0 0 0 0 0 0 0 0 0 0 0 0 0
 1968 7 1 0 2  52 5 8 19 35 107 153 178 264 292 209 139 117 34 11 2 2 0 0 0 0 0 0 0 0 0 0 0 0 0 0 0 0 0 0 0 0 0 0 0 0 0 0 0 0
 1969 7 1 0 2  65 0 0 1 34 92 173 249 355 292 235 207 177 75 47 17 9 1 0 0 0 0 0 0 0 0 0 0 0 0 0 0 0 0 0 0 0 0 0 0 0 0 0 0 0
 1970 7 1 0 2  77 0 3 9 22 55 166 256 398 439 335 242 212 113 51 21 4 1 1 0 0 0 0 0 0 0 0 0 0 0 0 0 0 0 0 0 0 0 0 0 0 0 0 0 0
 1971 7 1 0 2  40 0 0 4 9 25 80 160 220 235 169 138 109 29 20 11 3 0 1 0 0 0 0 0 0 0 0 0 0 0 0 0 0 0 0 0 0 0 0 0 0 0 0 0 0
 1972 7 1 0 2  33 0 3 3 5 16 23 65 91 152 208 180 139 53 40 12 0 0 0 0 0 0 0 0 0 0 0 0 0 0 0 0 0 0 0 0 0 0 0 0 0 0 0 0 0
#
# CPFV (coop survey data) -- years 1980-84 also included as CAAL (aged subset of marginal length data)
# NOTE: SEX=3 (INTERNALLY SCALES FEMALE AND MALE ENTRIES TO SUM TO ONE; SEX RATIO IS PRESERVED)
#_yr month fleet sex part Nsamp datavector(female-male)
 1978 7 1 3 0  57 0 0 0 0 0 0.025 0.00625 0.05625 0.06875 0.1125 0.1 0.13125 0.125 0.1375 0.11875 0.08125 0.0125 0.00625 0.0125 0 0 0.00625 0 0 0 0 0 0.02996 0.02621 0.10112 0.09363 0.13857 0.12734 0.13857 0.08988 0.09737 0.07865 0.04868 0.01123 0.00749 0.00749 0 0 0.00374
 1979 7 1 3 0 106 0 0 0 0 0.00412 0.02613 0.05226 0.07152 0.09903 0.12929 0.17056 0.1568 0.09903 0.0674 0.07015 0.03026 0.02063 0.00275 0 0 0 0 0 0 0.00362 0.0012 0.01147 0.05012 0.09903 0.0948 0.13103 0.13466 0.14251 0.12198 0.08937 0.04649 0.03321 0.01328 0.00905 0.0012 0 0 0 0.0169
 1980 7 1 3 0 200 0 0 0 0 0.00301 0.01054 0.01957 0.04969 0.0768 0.12048 0.10993 0.13855 0.10692 0.09789 0.08283 0.10692 0.06024 0.01656 0 0 0 0 0 0 0 0 0.00452 0.01268 0.03532 0.06612 0.11141 0.14402 0.12952 0.15398 0.10326 0.06521 0.05434 0.06612 0.04347 0.00996 0 0 0 0
 1981 7 1 3 0 133 0 0 0 0 0 0.01421 0.01895 0.04265 0.08767 0.0853 0.09715 0.13981 0.13981 0.1327 0.09478 0.08293 0.0545 0.00947 0 0 0 0 0 0 0 0 0.00122 0.01838 0.03676 0.06495 0.13357 0.11887 0.14705 0.15563 0.11397 0.07843 0.05147 0.04656 0.02818 0.0049 0 0 0 0
 1982 7 1 3 0 139 0 0 0 0 0 0 0.00366 0.04029 0.07142 0.09706 0.13369 0.163 0.16117 0.11721 0.10439 0.05677 0.04395 0.00732 0 0 0 0 0 0 0 0 0 0.00115 0.01038 0.0542 0.10034 0.14763 0.17416 0.16839 0.12341 0.07958 0.06805 0.03806 0.02998 0.00461 0 0 0 0
 1983 7 1 3 0 182 0 0 0 0 0 0 0.00266 0.01865 0.03374 0.06571 0.0888 0.18916 0.1785 0.15719 0.14653 0.08081 0.03285 0.00444 0 0 0 0.00088 0 0 0 0.00054 0.00054 0.00164 0.00877 0.03947 0.07565 0.11951 0.14089 0.1853 0.14473 0.10855 0.09703 0.05263 0.02083 0.00274 0 0.00054 0 0.00054
 1984 7 1 3 0  92 0 0 0 0 0 0.00914 0.0201 0.04936 0.06946 0.07678 0.10603 0.16636 0.16087 0.11334 0.12431 0.06764 0.03107 0.00548 0 0 0 0 0 0 0 0 0 0.01137 0.03981 0.07963 0.11604 0.13196 0.12172 0.15585 0.11945 0.07849 0.07849 0.04436 0.01934 0.00341 0 0 0 0
#
#_MRFSS Recreational CPFV, NoCA, combined sex (no sex ratio information), retained catch
# NOTE: SEX=0 (COMBINED MALE AND FEMALES, NO INFORMATION ON SEX RATIO)
#_yr month fleet sex part Ntrips F10 F12 F14 F16 F18 F20 F22 F24 F26 F28 F30 F32 F34 F36 F38 F40 F42 F44 F46 F48 F50 F52 M10 M12 M14 M16 M18 M20 M22 M24 M26 M28 M30 M32 M34 M36 M38 M40 M42 M44 M46 M48 M50 M52
1980 7 1 0 2  71 0 0 0 1 3 18 52 103 134 199 176 217 138 87 51 24 17 2 0 0 1 0 0 0 0 0 0 0 0 0 0 0 0 0 0 0 0 0 0 0 0 0 0 0
1981 7 1 0 2  42 0 0 0 0 2 13 34 90 113 166 183 215 111 73 82 68 40 8 0 0 0 0 0 0 0 0 0 0 0 0 0 0 0 0 0 0 0 0 0 0 0 0 0 0
1982 7 1 0 2  46 0 0 0 0 1 5 29 105 157 144 166 167 99 47 29 13 9 3 2 0 1 0 0 0 0 0 0 0 0 0 0 0 0 0 0 0 0 0 0 0 0 0 0 0
1983 7 1 0 2  52 0 0 0 0 3 9 37 88 136 169 210 302 175 70 52 33 14 3 1 0 0 0 0 0 0 0 0 0 0 0 0 0 0 0 0 0 0 0 0 0 0 0 0 0
1984 7 1 0 2  98 0 0 0 2 18 103 171 231 208 166 158 139 99 80 61 32 12 4 1 0 0 0 0 0 0 0 0 0 0 0 0 0 0 0 0 0 0 0 0 0 0 0 0 0
1985 7 1 0 2 147 0 0 0 4 29 111 220 262 299 278 215 176 187 118 83 43 16 2 0 1 0 0 0 0 0 0 0 0 0 0 0 0 0 0 0 0 0 0 0 0 0 0 0 0
1986 7 1 0 2  82 0 0 0 3 7 27 87 139 101 99 60 40 32 21 16 4 2 0 0 0 0 0 0 0 0 0 0 0 0 0 0 0 0 0 0 0 0 0 0 0 0 0 0 0
1987 7 1 0 2  37 0 0 0 2 7 23 33 56 74 73 74 52 23 18 11 5 5 2 6 1 1 0 0 0 0 0 0 0 0 0 0 0 0 0 0 0 0 0 0 0 0 0 0 0
1988 7 1 0 2  52 0 0 0 1 6 21 58 89 130 139 76 32 13 12 4 4 1 0 0 1 0 0 0 0 0 0 0 0 0 0 0 0 0 0 0 0 0 0 0 0 0 0 0 0
1989 7 1 0 2  41 0 0 0 7 24 26 54 116 111 88 86 51 32 18 11 11 0 0 0 0 0 0 0 0 0 0 0 0 0 0 0 0 0 0 0 0 0 0 0 0 0 0 0 0
1993 7 1 0 2  13 0 0 0 0 2 16 40 81 76 78 73 45 5 3 0 0 0 0 0 0 0 0 0 0 0 0 0 0 0 0 0 0 0 0 0 0 0 0 0 0 0 0 0 0
1994 7 1 0 2  18 0 0 0 0 11 24 63 89 96 67 46 25 6 2 1 0 0 0 0 0 0 0 0 0 0 0 0 0 0 0 0 0 0 0 0 0 0 0 0 0 0 0 0 0
1995 7 1 0 2  41 0 3 4 30 74 42 69 108 102 70 46 33 20 13 5 0 2 5 1 0 1 0 0 0 0 0 0 0 0 0 0 0 0 0 0 0 0 0 0 0 0 0 0 0
1996 7 1 0 2 134 1 4 3 17 67 176 182 306 382 386 334 204 140 62 37 15 9 2 0 0 0 0 0 0 0 0 0 0 0 0 0 0 0 0 0 0 0 0 0 0 0 0 0 0
1997 7 1 0 2 158 0 0 18 102 224 906 1923 2875 3010 2313 1396 934 568 338 128 63 16 2 1 0 0 0 0 0 0 0 0 0 0 0 0 0 0 0 0 0 0 0 0 0 0 0 0 0
1998 7 1 0 2 127 0 1 0 10 31 259 601 1065 1303 1333 1075 849 538 232 49 19 0 0 0 0 0 0 0 0 0 0 0 0 0 0 0 0 0 0 0 0 0 0 0 0 0 0 0 0
1999 7 1 0 2  85 0 0 2 6 27 107 250 464 621 684 551 236 145 99 53 16 3 1 0 0 0 0 0 0 0 0 0 0 0 0 0 0 0 0 0 0 0 0 0 0 0 0 0 0
2000 7 1 0 2  25 0 0 0 0 2 16 28 69 81 102 139 79 39 16 0 8 0 0 1 1 0 0 0 0 0 0 0 0 0 0 0 0 0 0 0 0 0 0 0 0 0 0 0 0
2001 7 1 0 2  45 0 0 1 3 12 58 68 90 107 130 104 81 35 24 16 4 0 1 0 0 0 1 0 0 0 0 0 0 0 0 0 0 0 0 0 0 0 0 0 0 0 0 0 0
2002 7 1 0 2  58 1 0 0 2 29 113 242 194 199 248 426 496 188 57 25 15 1 0 0 1 0 0 0 0 0 0 0 0 0 0 0 0 0 0 0 0 0 0 0 0 0 0 0 0
2003 7 1 0 2  75 0 0 0 3 9 76 424 788 528 399 536 435 186 60 14 1 1 2 0 0 0 0 0 0 0 0 0 0 0 0 0 0 0 0 0 0 0 0 0 0 0 0 0 0
#
#_CRFS Recreational CPFV, NoCA, combined sex (no sex ratio information), retained catch
2004 7 1 0 2 200 1 0 0 1 15 86 268 642 791 951 1326 1120 463 186 66 12 1 1 2 0 2 0 0 0 0 0 0 0 0 0 0 0 0 0 0 0 0 0 0 0 0 0 0 0
2005 7 1 0 2 128 0 0 0 0 4 46 186 433 512 795 1183 888 608 380 154 30 1 1 1 0 0 1 0 0 0 0 0 0 0 0 0 0 0 0 0 0 0 0 0 0 0 0 0 0
2006 7 1 0 2 115 0 0 0 2 3 35 129 408 564 778 1256 1187 967 515 146 64 3 1 0 0 0 0 0 0 0 0 0 0 0 0 0 0 0 0 0 0 0 0 0 0 0 0 0 0
2007 7 1 0 2 140 0 0 1 0 8 34 93 235 376 605 942 1041 981 561 232 36 5 5 3 1 0 0 0 0 0 0 0 0 0 0 0 0 0 0 0 0 0 0 0 0 0 0 0 0
2008 7 1 0 2 133 0 0 1 3 55 161 275 433 474 523 696 708 424 154 45 8 1 1 0 1 0 0 0 0 0 0 0 0 0 0 0 0 0 0 0 0 0 0 0 0 0 0 0 0
2009 7 1 0 2 138 0 0 0 1 6 54 229 328 228 228 233 216 132 61 13 5 0 0 0 1 0 0 0 0 0 0 0 0 0 0 0 0 0 0 0 0 0 0 0 0 0 0 0 0
2010 7 1 0 2 120 0 0 0 2 9 65 175 453 489 335 204 235 156 55 17 6 2 0 0 0 3 0 0 0 0 0 0 0 0 0 0 0 0 0 0 0 0 0 0 0 0 0 0 0
2011 7 1 0 2 145 1 0 0 7 23 52 111 292 574 683 431 201 155 56 25 6 1 3 1 0 0 0 0 0 0 0 0 0 0 0 0 0 0 0 0 0 0 0 0 0 0 0 0 0
2012 7 1 0 2 212 0 1 0 9 12 147 318 286 285 399 516 310 171 83 41 6 6 1 0 0 0 0 0 0 0 0 0 0 0 0 0 0 0 0 0 0 0 0 0 0 0 0 0 0
2013 7 1 0 2 289 1 0 0 3 24 140 295 652 1009 827 883 844 401 152 42 9 2 1 0 1 0 1 0 0 0 0 0 0 0 0 0 0 0 0 0 0 0 0 0 0 0 0 0 0
2014 7 1 0 2 262 1 0 0 1 24 114 334 651 963 948 760 674 407 165 37 8 5 1 3 2 1 1 0 0 0 0 0 0 0 0 0 0 0 0 0 0 0 0 0 0 0 0 0 0
2015 7 1 0 2 120 0 0 1 10 25 69 212 415 601 647 496 390 253 95 34 6 1 2 0 0 0 0 0 0 0 0 0 0 0 0 0 0 0 0 0 0 0 0 0 0 0 0 0 0
2016 7 1 0 2 117 2 0 3 10 69 110 226 357 480 477 411 337 242 82 18 5 1 1 0 0 0 0 0 0 0 0 0 0 0 0 0 0 0 0 0 0 0 0 0 0 0 0 0 0
#
#_MRFSS Recreational Private Boat, NoCA, combined sex (no sex ratio information), retained catch
#_yr month fleet sex part Ntrips F10 F12 F14 F16 F18 F20 F22 F24 F26 F28 F30 F32 F34 F36 F38 F40 F42 F44 F46 F48 F50 F52 M10 M12 M14 M16 M18 M20 M22 M24 M26 M28 M30 M32 M34 M36 M38 M40 M42 M44 M46 M48 M50 M52
1980 7 2 0 2 173 0 0 2 5 12 38 56 91 116 164 178 126 59 24 13 9 4 3 1 0 0 0 0 0 0 0 0 0 0 0 0 0 0 0 0 0 0 0 0 0 0 0 0 0
1981 7 2 0 2 133 0 1 1 1 4 14 36 71 96 115 153 151 84 54 51 30 17 5 4 0 0 1 0 0 0 0 0 0 0 0 0 0 0 0 0 0 0 0 0 0 0 0 0 0
1982 7 2 0 2 176 1 0 0 2 13 32 42 103 135 186 228 210 137 67 31 17 8 1 2 0 0 0 0 0 0 0 0 0 0 0 0 0 0 0 0 0 0 0 0 0 0 0 0 0
1983 7 2 0 2 184 0 1 0 1 18 44 92 172 157 196 191 117 76 37 35 24 7 6 2 1 0 0 0 0 0 0 0 0 0 0 0 0 0 0 0 0 0 0 0 0 0 0 0 0
1984 7 2 0 2 231 0 0 2 10 52 178 242 226 134 125 86 52 41 27 14 12 13 8 1 0 0 0 0 0 0 0 0 0 0 0 0 0 0 0 0 0 0 0 0 0 0 0 0 0
1985 7 2 0 2 214 0 2 0 1 29 136 224 227 152 88 77 66 45 39 36 12 4 4 0 0 0 0 0 0 0 0 0 0 0 0 0 0 0 0 0 0 0 0 0 0 0 0 0 0
1986 7 2 0 2 189 0 1 14 15 14 74 124 178 129 67 53 38 35 23 13 6 4 3 0 0 0 0 0 0 0 0 0 0 0 0 0 0 0 0 0 0 0 0 0 0 0 0 0 0
1987 7 2 0 2 128 0 1 1 1 14 19 52 65 91 116 54 46 49 27 22 9 3 9 2 0 0 0 0 0 0 0 0 0 0 0 0 0 0 0 0 0 0 0 0 0 0 0 0 0
1988 7 2 0 2  91 0 0 0 1 13 14 25 33 70 56 57 45 32 25 4 2 2 4 1 1 0 0 0 0 0 0 0 0 0 0 0 0 0 0 0 0 0 0 0 0 0 0 0 0
1989 7 2 0 2  93 0 1 0 0 7 66 56 58 65 91 50 35 29 21 10 7 7 7 2 1 1 1 0 0 0 0 0 0 0 0 0 0 0 0 0 0 0 0 0 0 0 0 0 0
1993 7 2 0 2 453 1 5 9 30 100 227 311 404 451 495 398 293 137 63 32 17 7 3 3 0 0 0 0 0 0 0 0 0 0 0 0 0 0 0 0 0 0 0 0 0 0 0 0 0
1994 7 2 0 2 241 0 0 1 3 4 30 80 109 177 203 207 128 87 26 28 14 4 0 2 1 0 0 0 0 0 0 0 0 0 0 0 0 0 0 0 0 0 0 0 0 0 0 0 0
1995 7 2 0 2 167 0 1 1 11 28 35 58 72 69 77 61 46 36 17 6 0 2 0 0 0 0 0 0 0 0 0 0 0 0 0 0 0 0 0 0 0 0 0 0 0 0 0 0 0
1996 7 2 0 2 170 0 3 1 10 31 55 62 83 81 71 86 83 62 28 17 5 1 0 0 0 0 0 0 0 0 0 0 0 0 0 0 0 0 0 0 0 0 0 0 0 0 0 0 0
1997 7 2 0 2  92 0 0 2 6 10 23 52 70 87 81 42 33 17 9 0 0 1 1 0 0 0 0 0 0 0 0 0 0 0 0 0 0 0 0 0 0 0 0 0 0 0 0 0 0
1998 7 2 0 2 139 0 0 0 1 4 3 21 75 150 131 150 81 49 10 7 4 2 0 0 0 0 0 0 0 0 0 0 0 0 0 0 0 0 0 0 0 0 0 0 0 0 0 0 0
1999 7 2 0 2 178 0 0 0 0 10 24 54 75 105 146 247 94 34 11 1 0 0 0 1 0 0 0 0 0 0 0 0 0 0 0 0 0 0 0 0 0 0 0 0 0 0 0 0 0
2000 7 2 0 2  92 0 0 0 0 2 6 13 32 42 69 172 64 20 4 1 4 0 0 0 0 0 0 0 0 0 0 0 0 0 0 0 0 0 0 0 0 0 0 0 0 0 0 0 0
2001 7 2 0 2  33 0 0 0 1 0 0 2 3 7 7 12 13 8 3 5 3 2 0 0 0 0 0 0 0 0 0 0 0 0 0 0 0 0 0 0 0 0 0 0 0 0 0 0 0
2002 7 2 0 2 108 0 2 0 2 4 19 37 29 48 66 106 139 79 25 3 3 0 1 0 0 0 0 0 0 0 0 0 0 0 0 0 0 0 0 0 0 0 0 0 0 0 0 0 0
2003 7 2 0 2 173 0 0 0 1 0 5 28 94 76 106 173 151 101 24 5 1 1 0 0 0 0 0 0 0 0 0 0 0 0 0 0 0 0 0 0 0 0 0 0 0 0 0 0 0
#
#_CRFS Recreational Private Boat, NoCA, combined sex (no sex ratio information), retained catch
# DEFINED AS SEPARATE FLEET DUE TO LARGE SAMPLE SIZES (NUMBER OF TRIPS); FRANCIS WEIGHTS ARE FLEET-SPECIFIC
#_yr month fleet sex part Ntrips F10 F12 F14 F16 F18 F20 F22 F24 F26 F28 F30 F32 F34 F36 F38 F40 F42 F44 F46 F48 F50 F52 M10 M12 M14 M16 M18 M20 M22 M24 M26 M28 M30 M32 M34 M36 M38 M40 M42 M44 M46 M48 M50 M52
2004 7 3 0 2  887 1 1 2 5 20 43 124 241 316 400 627 696 373 120 35 17 7 10 2 1 0 1 0 0 0 0 0 0 0 0 0 0 0 0 0 0 0 0 0 0 0 0 0 0
2005 7 3 0 2 1238 0 0 3 4 13 61 131 325 447 514 918 1087 658 276 78 28 7 8 4 3 2 1 0 0 0 0 0 0 0 0 0 0 0 0 0 0 0 0 0 0 0 0 0 0
2006 7 3 0 2 1742 0 1 1 5 23 57 152 417 706 880 1370 1650 1181 534 159 43 12 9 6 2 1 2 0 0 0 0 0 0 0 0 0 0 0 0 0 0 0 0 0 0 0 0 0 0
2007 7 3 0 2 1118 0 0 0 1 9 35 85 179 355 529 868 1101 625 276 80 14 1 5 1 0 0 1 0 0 0 0 0 0 0 0 0 0 0 0 0 0 0 0 0 0 0 0 0 0
2008 7 3 0 2 1058 1 0 2 2 16 56 99 221 316 505 680 709 433 178 53 12 6 4 0 2 2 1 0 0 0 0 0 0 0 0 0 0 0 0 0 0 0 0 0 0 0 0 0 0
2009 7 3 0 2  771 0 0 1 1 3 42 155 238 276 260 294 252 173 65 26 3 2 1 1 0 0 1 0 0 0 0 0 0 0 0 0 0 0 0 0 0 0 0 0 0 0 0 0 0
2010 7 3 0 2  639 0 6 1 1 12 33 74 182 358 292 280 249 163 77 28 5 4 1 0 0 0 0 0 0 0 0 0 0 0 0 0 0 0 0 0 0 0 0 0 0 0 0 0 0
2011 7 3 0 2  699 1 0 0 7 7 30 53 148 278 419 391 225 138 64 31 6 2 5 7 1 1 1 0 0 0 0 0 0 0 0 0 0 0 0 0 0 0 0 0 0 0 0 0 0
2012 7 3 0 2  728 0 1 4 14 23 113 224 253 262 253 340 231 141 69 32 4 1 1 2 2 1 0 0 0 0 0 0 0 0 0 0 0 0 0 0 0 0 0 0 0 0 0 0 0
2013 7 3 0 2 1241 0 8 1 5 23 95 188 496 688 544 547 517 387 176 53 11 3 2 0 0 0 0 0 0 0 0 0 0 0 0 0 0 0 0 0 0 0 0 0 0 0 0 0 0
2014 7 3 0 2 1272 7 7 7 5 21 99 285 512 655 721 680 709 468 172 47 9 5 3 1 0 1 2 0 0 0 0 0 0 0 0 0 0 0 0 0 0 0 0 0 0 0 0 0 0
2015 7 3 0 2 1968 0 4 4 12 36 109 349 706 997 1156 1124 1169 1093 441 133 17 4 5 3 3 1 0 0 0 0 0 0 0 0 0 0 0 0 0 0 0 0 0 0 0 0 0 0 0
2016 7 3 0 2 1396 2 6 1 15 44 91 169 352 491 614 969 864 831 380 115 21 3 3 0 0 0 0 0 0 0 0 0 0 0 0 0 0 0 0 0 0 0 0 0 0 0 0 0 0
#
# REC DISCARD COMPS FROM CPFV ONBOARD OBSERVERS
#_yr month fleet sex part Ntrips F10 F12 F14 F16 F18 F20 F22 F24 F26 F28 F30 F32 F34 F36 F38 F40 F42 F44 F46 F48 F50 F52 M10 M12 M14 M16 M18 M20 M22 M24 M26 M28 M30 M32 M34 M36 M38 M40 M42 M44 M46 M48 M50 M52
2003 7 4 0 2  77 5 51 34 169 161 165 375 196 41 26 28 18 3 2 0 0 0 0 0 0 0 0 0 0 0 0 0 0 0 0 0 0 0 0 0 0 0 0 0 0 0 0 0 0
2004 7 4 0 2 133 3 20 43 166 300 783 1267 570 235 204 142 39 8 2 2 0 0 0 0 0 0 0 0 0 0 0 0 0 0 0 0 0 0 0 0 0 0 0 0 0 0 0 0 0
2005 7 4 0 2  67 0 3 16 39 130 273 358 163 62 74 52 17 2 1 0 0 0 0 0 0 0 0 0 0 0 0 0 0 0 0 0 0 0 0 0 0 0 0 0 0 0 0 0 0
2006 7 4 0 2  74 0 4 23 42 77 199 311 235 83 59 23 6 0 0 0 0 0 0 0 0 0 0 0 0 0 0 0 0 0 0 0 0 0 0 0 0 0 0 0 0 0 0 0 0
2007 7 4 0 2  59 0 2 15 35 51 93 133 68 23 11 6 0 1 0 0 0 0 0 0 0 0 0 0 0 0 0 0 0 0 0 0 0 0 0 0 0 0 0 0 0 0 0 0 0
2008 7 4 0 2  28 1 0 1 18 79 64 27 13 8 3 10 8 0 0 0 0 0 0 0 0 0 0 0 0 0 0 0 0 0 0 0 0 0 0 0 0 0 0 0 0 0 0 0 0
2009 7 4 0 2  28 0 0 1 1 2 17 30 18 6 10 1 1 1 0 0 0 0 0 0 0 0 0 0 0 0 0 0 0 0 0 0 0 0 0 0 0 0 0 0 0 0 0 0 0
2010 7 4 0 2  20 7 3 8 22 27 7 11 10 8 2 1 2 0 0 0 0 0 0 0 0 0 0 0 0 0 0 0 0 0 0 0 0 0 0 0 0 0 0 0 0 0 0 0 0
2011 7 4 0 2  28 0 2 6 13 9 17 15 9 1 1 1 1 0 1 0 0 0 0 0 0 0 0 0 0 0 0 0 0 0 0 0 0 0 0 0 0 0 0 0 0 0 0 0 0
2012 7 4 0 2  16 0 0 5 1 6 20 12 8 7 2 4 2 1 0 0 0 0 0 0 0 0 0 0 0 0 0 0 0 0 0 0 0 0 0 0 0 0 0 0 0 0 0 0 0
2013 7 4 0 2  31 3 2 6 7 21 27 16 25 17 5 3 0 0 0 0 0 0 0 0 0 0 0 0 0 0 0 0 0 0 0 0 0 0 0 0 0 0 0 0 0 0 0 0 0
2014 7 4 0 2  44 8 13 5 6 18 44 48 26 14 1 0 1 2 0 0 0 0 0 0 0 0 0 0 0 0 0 0 0 0 0 0 0 0 0 0 0 0 0 0 0 0 0 0 0
2015 7 4 0 2  35 4 0 8 20 11 29 28 20 9 4 0 2 0 0 0 0 0 0 0 0 0 0 0 0 0 0 0 0 0 0 0 0 0 0 0 0 0 0 0 0 0 0 0 0
2016 7 4 0 2  66 2 8 10 47 224 139 67 20 8 9 1 8 1 0 0 0 0 0 0 0 0 0 0 0 0 0 0 0 0 0 0 0 0 0 0 0 0 0 0 0 0 0 0 0
#
# COMMERCIAL HKL
#_yr month fleet sex part Ntrips F10 F12 F14 F16 F18 F20 F22 F24 F26 F28 F30 F32 F34 F36 F38 F40 F42 F44 F46 F48 F50 F52 M10 M12 M14 M16 M18 M20 M22 M24 M26 M28 M30 M32 M34 M36 M38 M40 M42 M44 M46 M48 M50 M52
-1979 7 5 0 2   4 0 0 0 0 0 0 0 6 6 38 70 30 40 6 14 28 56 25 0 0 0 0 0 0 0 0 0 0 0 0 0 0 0 0 0 0 0 0 0 0 0 0 0 0
-1982 7 5 0 2   2 0 0 0 0 0 0 0 0 0 1152 1152 5542 0 1152 0 0 3238 1619 0 0 0 0 0 0 0 0 0 0 0 0 0 0 0 0 0 0 0 0 0 0 0 0 0 0
-1991 7 5 0 2   4 0 0 0 0 0 0 0 0 3108 495 9122 13482 3604 4565 2049 0 0 0 0 0 0 0 0 0 0 0 0 0 0 0 0 0 0 0 0 0 0 0 0 0 0 0 0 0
 1992 7 5 0 2  88 0 0 0 0 0 28 415 7520 27486 19647 15840 19320 15358 9697 7325 5744 1918 494 0 0 0 0 0 0 0 0 0 0 0 0 0 0 0 0 0 0 0 0 0 0 0 0 0 0
 1993 7 5 0 2 200 0 0 0 0 18 122 2590 5240 11416 15099 20253 20311 8658 6065 2454 1217 1287 672 6 2 0 0 0 0 0 0 0 0 0 0 0 0 0 0 0 0 0 0 0 0 0 0 0 0
 1994 7 5 0 2 134 0 0 0 3 173 268 748 2414 3539 7327 11037 8551 6888 5967 3553 3046 950 187 0 0 0 0 0 0 0 0 0 0 0 0 0 0 0 0 0 0 0 0 0 0 0 0 0 0
 1995 7 5 0 2  83 0 0 0 0 0 119 412 507 818 2011 2546 2083 3390 2838 1745 270 219 37 0 0 0 0 0 0 0 0 0 0 0 0 0 0 0 0 0 0 0 0 0 0 0 0 0 0
 1996 7 5 0 2  88 0 0 0 0 0 310 749 1852 2366 3714 4906 6009 4423 4347 2286 163 122 0 0 0 0 0 0 0 0 0 0 0 0 0 0 0 0 0 0 0 0 0 0 0 0 0 0 0
 1997 7 5 0 2  50 0 0 0 0 232 3240 3531 10479 9014 7350 9311 4845 4485 4212 2446 400 809 0 0 166 0 0 0 0 0 0 0 0 0 0 0 0 0 0 0 0 0 0 0 0 0 0 0 0
 1998 7 5 0 2  23 0 0 0 0 0 23 0 2365 5660 16583 14482 8761 8828 6586 1953 264 25 25 0 0 0 0 0 0 0 0 0 0 0 0 0 0 0 0 0 0 0 0 0 0 0 0 0 0
 1999 7 5 0 2  86 0 0 0 0 477 815 1492 2518 3417 8362 11612 5090 4696 1127 610 0 0 0 0 20 0 0 0 0 0 0 0 0 0 0 0 0 0 0 0 0 0 0 0 0 0 0 0 0
 2000 7 5 0 2  19 0 0 0 0 0 28 94 169 229 581 1087 495 546 262 190 0 0 0 0 0 0 0 0 0 0 0 0 0 0 0 0 0 0 0 0 0 0 0 0 0 0 0 0 0
 2001 7 5 0 2  12 0 0 0 0 0 0 0 0 210 630 2865 4017 2137 1226 245 213 213 639 426 852 213 0 0 0 0 0 0 0 0 0 0 0 0 0 0 0 0 0 0 0 0 0 0 0
 2002 7 5 0 2  11 0 0 0 0 0 143 136 453 617 1912 2256 3412 2639 860 347 0 0 0 0 0 0 0 0 0 0 0 0 0 0 0 0 0 0 0 0 0 0 0 0 0 0 0 0 0
-2003 7 5 0 2   3 0 0 0 0 0 0 187 187 748 1924 1532 1701 1755 784 0 0 0 0 0 0 0 0 0 0 0 0 0 0 0 0 0 0 0 0 0 0 0 0 0 0 0 0 0 0
 2004 7 5 0 2  10 0 0 0 0 0 0 0 179 447 715 988 787 942 125 673 0 0 0 0 0 0 0 0 0 0 0 0 0 0 0 0 0 0 0 0 0 0 0 0 0 0 0 0 0
 2005 7 5 0 2  15 0 0 0 0 0 0 0 0 683 1008 1545 1368 2136 3616 1714 88 0 0 0 0 0 0 0 0 0 0 0 0 0 0 0 0 0 0 0 0 0 0 0 0 0 0 0 0
 2006 7 5 0 2  13 0 0 0 0 0 0 14 0 104 130 303 549 677 344 152 8 0 0 0 0 0 0 0 0 0 0 0 0 0 0 0 0 0 0 0 0 0 0 0 0 0 0 0 0
 2007 7 5 0 2  25 0 0 0 0 0 0 4 0 416 793 1595 3572 2970 2240 691 105 39 0 0 0 0 0 0 0 0 0 0 0 0 0 0 0 0 0 0 0 0 0 0 0 0 0 0 0
 2008 7 5 0 2  20 0 0 0 0 0 0 0 164 2920 5090 12247 4990 1600 525 789 92 34 0 0 0 0 0 0 0 0 0 0 0 0 0 0 0 0 0 0 0 0 0 0 0 0 0 0 0
 2009 7 5 0 2  19 0 0 0 0 0 0 68 1118 2060 1378 1387 1487 1464 870 285 0 0 0 0 0 0 0 0 0 0 0 0 0 0 0 0 0 0 0 0 0 0 0 0 0 0 0 0 0
 2010 7 5 0 2   9 0 0 0 0 0 0 0 76 190 190 304 284 229 249 135 83 7 0 0 0 0 0 0 0 0 0 0 0 0 0 0 0 0 0 0 0 0 0 0 0 0 0 0 0
 2011 7 5 0 2  16 0 0 0 0 0 0 5 93 273 647 563 724 1076 1070 511 67 26 0 0 0 0 0 0 0 0 0 0 0 0 0 0 0 0 0 0 0 0 0 0 0 0 0 0 0
 2012 7 5 0 2  21 0 0 0 0 0 125 99 176 494 853 728 431 307 329 194 87 22 18 0 0 0 0 0 0 0 0 0 0 0 0 0 0 0 0 0 0 0 0 0 0 0 0 0 0
 2013 7 5 0 2  20 0 0 0 0 0 168 103 121 270 577 685 1158 1656 629 349 88 0 0 0 0 0 0 0 0 0 0 0 0 0 0 0 0 0 0 0 0 0 0 0 0 0 0 0 0
 2014 7 5 0 2  16 0 0 0 0 0 0 7 21 195 495 367 452 337 333 200 33 9 0 0 0 0 0 0 0 0 0 0 0 0 0 0 0 0 0 0 0 0 0 0 0 0 0 0 0
 2015 7 5 0 2  31 0 0 0 0 0 0 10 56 358 1523 1163 629 1070 951 385 97 30 1 0 0 0 0 0 0 0 0 0 0 0 0 0 0 0 0 0 0 0 0 0 0 0 0 0 0
 2016 7 5 0 2  13 0 0 0 0 0 0 0 7 87 691 2096 1093 979 542 164 24 12 0 0 0 0 0 0 0 0 0 0 0 0 0 0 0 0 0 0 0 0 0 0 0 0 0 0 0
#
# COMMERCIAL NET
 1978 7 6 0 2 4 0 0 0 0 0 0 0 0 0 0 0 47 886 2083 2207 971 438 112 0 0 0 0 0 0 0 0 0 0 0 0 0 0 0 0 0 0 0 0 0 0 0 0 0 0
 1979 7 6 0 2 1 0 0 0 0 0 0 0 0 0 0 0 0 152 152 152 456 608 0 0 0 0 0 0 0 0 0 0 0 0 0 0 0 0 0 0 0 0 0 0 0 0 0 0 0
 1985 7 6 0 2 2 0 0 0 0 0 0 0 0 0 0 0 0 6758 1464 60543 20762 6514 0 0 0 0 0 0 0 0 0 0 0 0 0 0 0 0 0 0 0 0 0 0 0 0 0 0 0
 1989 7 6 0 2 1 0 0 0 0 0 0 0 0 0 426 852 426 0 2130 852 1704 426 0 0 0 0 0 0 0 0 0 0 0 0 0 0 0 0 0 0 0 0 0 0 0 0 0 0 0
#
# COMMERCIAL DISCARD (WCGOP)
#_yr month fleet sex part Ntrips F10 F12 F14 F16 F18 F20 F22 F24 F26 F28 F30 F32 F34 F36 F38 F40 F42 F44 F46 F48 F50 F52 M10 M12 M14 M16 M18 M20 M22 M24 M26 M28 M30 M32 M34 M36 M38 M40 M42 M44 M46 M48 M50 M52
 2004 7 8 0 2  90 0.001084525 0.00216905 0.011929772 0.02407645 0.09945006 0.106326033 0.125692547 0.242503266 0.196190788 0.098392906 0.062902436 0.014098822 0.014098822 0.001084525 0 0 0 0 0 0 0 0 0 0 0 0 0 0 0 0 0 0 0 0 0 0 0 0 0 0 0 0 0 0
 2005 7 8 0 2  63 0.003663004 0.002442002 0.007326007 0.016436555 0.059537898 0.13538026 0.114203439 0.177376947 0.139504868 0.141538752 0.162144601 0.01541514 0.017246642 0.007783883 0 0 0 0 0 0 0 0 0 0 0 0 0 0 0 0 0 0 0 0 0 0 0 0 0 0 0 0 0 0
 2006 7 8 0 2  66 0.002910608 0.006652819 0.020374259 0.023284868 0.042203823 0.084095795 0.112058427 0.148302433 0.154678052 0.150208188 0.1028415 0.044802581 0.049686326 0.039293215 0.016008347 0 0 0.002598758 0 0 0 0 0 0 0 0 0 0 0 0 0 0 0 0 0 0 0 0 0 0 0 0 0 0
 2007 7 8 0 2  67 0 0.006102523 0.02264854 0.029125803 0.040596869 0.053640751 0.12053965 0.181247584 0.153712708 0.146845151 0.107969594 0.081971273 0.04201043 0.006039611 0.004529708 0 0.003019805 0 0 0 0 0 0 0 0 0 0 0 0 0 0 0 0 0 0 0 0 0 0 0 0 0 0 0
 2008 7 8 0 2  44 0 0.002267574 0.004535147 0.020408163 0.083900227 0.14739229 0.200453515 0.258503401 0.18276644 0.069387755 0.011791383 0.004988662 0.009070295 0.004535147 0 0 0 0 0 0 0 0 0 0 0 0 0 0 0 0 0 0 0 0 0 0 0 0 0 0 0 0 0 0
 2009 7 8 0 2  43 0 0.003603604 0.016216216 0.007207207 0.045045045 0.181081081 0.25015015 0.236396396 0.154174174 0.073873874 0.014414414 0.003603604 0.003423423 0.001801802 0.003603604 0 0.003603604 0 0.001801802 0 0 0 0 0 0 0 0 0 0 0 0 0 0 0 0 0 0 0 0 0 0 0 0 0
 2010 7 8 0 2  48 0 0.00157185 0.00606285 0.003392896 0.026704177 0.113176654 0.143007258 0.165759353 0.302895362 0.16418139 0.03489507 0.02892204 0.00785925 0.00157185 0 0 0 0 0 0 0 0 0 0 0 0 0 0 0 0 0 0 0 0 0 0 0 0 0 0 0 0 0 0
 2011 7 8 0 2  65 0 0.00102459 0 0.014534543 0.022404372 0.040646956 0.200032933 0.267022834 0.319751415 0.084640906 0.033752927 0.013114754 0.00307377 0 0 0 0 0 0 0 0 0 0 0 0 0 0 0 0 0 0 0 0 0 0 0 0 0 0 0 0 0 0 0
 2012 7 8 0 2  55 0 0.006369427 0.01910828 0.037619427 0.128525933 0.10872384 0.085361692 0.131050955 0.185077343 0.076290946 0.057885957 0.098274947 0.019426752 0.032271762 0.014012739 0 0 0 0 0 0 0 0 0 0 0 0 0 0 0 0 0 0 0 0 0 0 0 0 0 0 0 0 0
 2013 7 8 0 2  38 0 0.018590502 0 0.0065724 0.046757929 0.075488705 0.232907066 0.259422004 0.140367679 0.062719471 0.074362008 0.051264717 0.025914033 0.002816743 0.002816743 0 0 0 0 0 0 0 0 0 0 0 0 0 0 0 0 0 0 0 0 0 0 0 0 0 0 0 0 0
 2014 7 8 0 2  47 0 0.011868082 0.012511532 0.016156727 0.024379614 0.06351754 0.178123174 0.247350342 0.188264436 0.131211849 0.056051664 0.037034135 0.014012916 0.011010148 0.006005535 0.002502306 0 0 0 0 0 0 0 0 0 0 0 0 0 0 0 0 0 0 0 0 0 0 0 0 0 0 0 0
 2015 7 8 0 2 103 0 0.00118789 0.008077654 0.026846322 0.017174532 0.043545698 0.118026423 0.223145203 0.229901731 0.152445929 0.062047473 0.053336277 0.029697259 0.028153001 0.004038827 0 0.002375781 0 0 0 0 0 0 0 0 0 0 0 0 0 0 0 0 0 0 0 0 0 0 0 0 0 0 0
#
#_DWV'S ONBOARD OBSERVER DATA, *retained fish only*
#_exclude 1987 (negative value), because samples only taken in Monterey and Santa Cruz counties
-1987 7 9 0 2 42 0 0 0 2 35 73 120 339 362 274 141 86 50 20 10 1 0 0 0 0 0 0 0 0 0 0 0 0 0 0 0 0 0 0 0 0 0 0 0 0 0 0 0 0
 1988 7 9 0 2 131 0 0 2 6 81 295 567 765 1235 1191 687 404 300 131 69 25 16 6 5 2 1 0 0 0 0 0 0 0 0 0 0 0 0 0 0 0 0 0 0 0 0 0 0 0
 1989 7 9 0 2 154 0 0 0 4 41 179 529 660 822 921 724 484 244 205 122 54 27 8 4 0 0 0 0 0 0 0 0 0 0 0 0 0 0 0 0 0 0 0 0 0 0 0 0 0
 1990 7 9 0 2 51 0 0 0 0 5 26 103 171 186 165 144 89 48 23 19 17 4 0 0 0 0 0 0 0 0 0 0 0 0 0 0 0 0 0 0 0 0 0 0 0 0 0 0 0
 1991 7 9 0 2 59 0 0 0 5 47 125 295 447 602 627 444 203 60 28 8 3 1 2 0 0 0 0 0 0 0 0 0 0 0 0 0 0 0 0 0 0 0 0 0 0 0 0 0 0
 1992 7 9 0 2 163 0 0 0 5 49 243 621 1075 1502 1567 1272 792 393 178 86 26 8 2 0 0 0 0 0 0 0 0 0 0 0 0 0 0 0 0 0 0 0 0 0 0 0 0 0 0
 1993 7 9 0 2 168 0 0 0 11 119 423 1015 1319 1488 1447 1051 556 287 103 42 22 3 2 0 0 0 0 0 0 0 0 0 0 0 0 0 0 0 0 0 0 0 0 0 0 0 0 0 0
 1994 7 9 0 2 180 0 0 2 19 180 453 842 1267 1322 1074 688 450 205 73 31 12 0 0 0 0 0 0 0 0 0 0 0 0 0 0 0 0 0 0 0 0 0 0 0 0 0 0 0 0
 1995 7 9 0 2 188 0 1 3 35 182 607 1183 1493 1578 1403 930 578 325 126 67 32 9 1 0 0 0 0 0 0 0 0 0 0 0 0 0 0 0 0 0 0 0 0 0 0 0 0 0 0
 1996 7 9 0 2 157 0 0 7 36 224 452 1046 1558 1515 1321 949 582 263 124 41 17 5 0 0 0 0 0 0 0 0 0 0 0 0 0 0 0 0 0 0 0 0 0 0 0 0 0 0 0
 1997 7 9 0 2 205 0 0 18 106 264 963 2364 3518 3716 2850 1849 1248 802 476 180 73 16 2 2 0 0 0 0 0 0 0 0 0 0 0 0 0 0 0 0 0 0 0 0 0 0 0 0 0
 1998 7 9 0 2 138 0 1 0 12 70 385 1100 1960 2590 2327 1804 1257 608 261 66 17 2 0 0 0 0 0 0 0 0 0 0 0 0 0 0 0 0 0 0 0 0 0 0 0 0 0 0 0
#
# Schmidt research length comps -- has sex information
#_yr month fleet sex part Ntrips F10 F12 F14 F16 F18 F20 F22 F24 F26 F28 F30 F32 F34 F36 F38 F40 F42 F44 F46 F48 F50 F52 M10 M12 M14 M16 M18 M20 M22 M24 M26 M28 M30 M32 M34 M36 M38 M40 M42 M44 M46 M48 M50 M52
 2010 7 12 3 2 44 0 0 8 9 1 12 28 43 65 64 41 32 9 9 0 0 0 0 0 0 0 0 0 0 4 6 5 7 15 20 5 2 1 0 0 0 0 0 0 0 0 0 0 0
 2011 7 12 3 2 38 0 1 15 25 34 26 19 43 43 44 38 18 7 7 0 0 0 0 0 0 0 0 0 1 8 13 22 6 16 10 10 3 1 0 0 0 0 0 0 0 0 0 0 0
#
# Abrams research marginal length comps -- has sex information
# marginal comps derived from CAAL
#_yr month fleet sex part Ntrips F10 F12 F14 F16 F18 F20 F22 F24 F26 F28 F30 F32 F34 F36 F38 F40 F42 F44 F46 F48 F50 F52 M10 M12 M14 M16 M18 M20 M22 M24 M26 M28 M30 M32 M34 M36 M38 M40 M42 M44 M46 M48 M50 M52
 2010 7 13 3 2 17 2 3 1 3 11 8 13 17 29 22 21 13 16 3 2 0 0 0 0 0 0 0 0 1 6 2 9 13 11 15 14 5 0 0 0 0 0 0 0 0 0 0 0 0
 2011 7 13 3 2 23 0 0 0 1 5 5 9 20 10 26 22 14 8 5 2 1 0 0 0 0 0 0 1 0 1 2 1 2 10 3 12 8 0 1 0 0 0 0 0 0 0 0 0 0
#
# NEXT LINE SIGNALS END OF LENGTH COMPOSITION DATA
-9999 0 0 0 0 0 0 0 0 0 0 0 0 0 0 0 0 0 0 0 0 0 0 0 0 0 0 0 0 0 0 0 0 0 0 0 0 0 0 0 0 0 0 0 0 0 0 0 0 0
#
36 #_N_age_bins
 0 1 2 3 4 5 6 7 8 9 10 11 12 13 14 15 16 17 18 19 20 21 22 23 24 25 26 27 28 29 30 31 32 33 34 35
#
 2 #_N_ageerror_definitions
# Pearson unbiased, within-reader (DEFAULT)
0.5 1.5 2.5 3.5 4.5 5.5 6.5 7.5 8.5 9.5 10.5 11.5 12.5 13.5 14.5 15.5 16.5 17.5 18.5 19.5 20.5 21.5 22.5 23.5 24.5 25.5 26.5 27.5 28.5 29.5 30.5 31.5 32.5 33.5 34.5 35.5
0.0963027 0.0963027 0.192605 0.288908 0.385211 0.481513 0.577816 0.674119 0.770422 0.866724 0.963027 1.05933 1.15563 1.25194 1.34824 1.44454 1.54084 1.63715 1.73345 1.82975 1.92605 2.02236 2.11866 2.21496 2.31126 2.40757 2.50387 2.60017 2.69648 2.79278 2.88908 2.98538 3.08169 3.17799 3.27429 3.37059
# Kautzi unbiased, among-reader
0.359148 1.60822 2.82521 4.01096 5.16626 6.2919 7.38863 8.4572 9.49834 10.5127 11.5011 12.4641 13.4023 14.3165 15.2072 16.075 16.9205 17.7443 18.547 19.3291 20.0911 20.8335 21.5568 22.2616 22.9483 23.6173 24.2692 24.9043 25.5232 26.1261 26.7135 27.2859 27.8436 28.3869 28.9163 29.4321
0.110498 0.110498 0.220996 0.331493 0.441991 0.552489 0.662987 0.773485 0.883982 0.99448 1.10498 1.21548 1.32597 1.43647 1.54697 1.65747 1.76796 1.87846 1.98896 2.09946 2.20996 2.32045 2.43095 2.54145 2.65195 2.76244 2.87294 2.98344 3.09394 3.20444 3.31493 3.42543 3.53593 3.64643 3.75693 3.86742
#
#_mintailcomp: upper and lower distribution for females and males separately are accumulated until exceeding this level.
#_addtocomp:  after accumulation of tails; this value added to all bins
#_males and females treated as combined gender below this bin number 
#_compressbins: accumulate upper tail by this number of bins; acts simultaneous with mintailcomp; set=0 for no forced accumulation
#_Comp_Error:  0=multinomial, 1=dirichlet
#_Comp_Error2:  parm number  for dirichlet
#_mintailcomp_addtocomp_combM+F_CompressBins_CompError_ParmSelect
-1 1e-06 0 0 0 0 #_fleet: 1_REC_CPFV_N
-1 1e-06 0 0 0 0 #_fleet: 2_REC_PRIV_N_MRFSS
-1 1e-06 0 0 0 0 #_fleet: 3_REC_PRIV_N_CRFS
-1 1e-06 0 0 0 0 #_fleet: 4_REC_DISC_N
-1 1e-06 0 0 0 0 #_fleet: 5_COM_HKL_N
-1 1e-06 0 0 0 0 #_fleet: 6_COM_NET_N
-1 1e-06 0 0 0 0 #_fleet: 7_COM_OTH_N
-1 1e-06 0 0 0 0 #_fleet: 8_COM_DISC_N
-1 1e-06 0 0 0 0 #_fleet: 9_ONBOARD_CPFV_88_98_N
-1 1e-06 0 0 0 0 #_fleet:10_JUV_SWFSC_N
-1 1e-06 0 0 0 0 #_fleet:11_ONBOARD_CPFV_01_16_N
-1 1e-06 0 0 0 0 #_fleet:12_SCHMIDT_N
-1 1e-06 0 0 0 0 #_fleet:13_ABRAMS_N
-1 1e-06 0 0 0 0 #_fleet:14_SSB_Survey
#
3 #_Lbin_method_for_Age_Data: 1=poplenbins; 2=datalenbins; 3=lengths
# sex codes:  0=combined; 1=use female only; 2=use male only; 3=use both as joint sexxlength distribution
# partition codes:  (0=combined; 1=discard; 2=retained)
#
# Rec CPFV data from cooperative survey; CAAL
#_yr month fleet sex part error L_LO L_HI Nfish F0 F1 F2 F3 F4 F5 F6 F7 F8 F9 F10 F11 F12 F13 F14 F15 F16 F17 F18 F19 F20 F21 F22 F23 F24 F25 F26 F27 F28 F29 F30 F31 F32 F33 F34 F35+ M0 M1 M2 M3 M4 M5 M6 M7 M8 M9 M10 M11 M12 M13 M14 M15 M16 M17 M18 M19 M20 M21 M22 M23 M24 M25 M26 M27 M28 M29 M30 M31 M32 M33 M34 M35+
1980 7 1 3 0 1 20 20  3 0 0 0 0 2 0 0 0 0 0 0 0 0 0 0 0 0 0 0 0 0 0 0 0 0 0 0 0 0 0 0 0 0 0 0 0 0 0 0 0 0 1 0 0 0 0 0 0 0 0 0 0 0 0 0 0 0 0 0 0 0 0 0 0 0 0 0 0 0 0 0 0
1980 7 1 3 0 1 22 22  8 0 0 0 0 0 2 1 0 0 0 0 0 0 0 0 0 0 0 0 0 0 0 0 0 0 0 0 0 0 0 0 0 0 0 0 0 0 0 0 0 2 1 2 0 0 0 0 0 0 0 0 0 0 0 0 0 0 0 0 0 0 0 0 0 0 0 0 0 0 0 0 0
1980 7 1 3 0 1 24 24 17 0 0 0 0 0 2 2 1 1 0 0 0 0 1 0 0 0 0 0 0 0 0 0 0 0 0 0 0 0 0 0 0 0 0 0 0 0 0 0 0 0 3 2 1 1 0 1 0 1 0 0 1 0 0 0 0 0 0 0 0 0 0 0 0 0 0 0 0 0 0 0 0
1980 7 1 3 0 1 26 26 29 0 0 0 0 0 6 5 3 2 0 0 0 0 0 0 0 0 0 0 0 0 0 0 0 0 0 0 0 0 0 0 0 0 0 0 0 0 0 0 0 1 3 2 3 2 0 0 0 0 0 1 0 0 1 0 0 0 0 0 0 0 0 0 0 0 0 0 0 0 0 0 0
1980 7 1 3 0 1 28 28 35 0 0 0 0 0 4 6 1 3 1 3 1 0 1 0 0 0 1 0 0 0 0 0 0 0 0 0 0 0 0 0 0 0 0 0 0 0 0 0 0 0 1 1 1 1 1 4 2 0 0 0 1 0 0 0 0 2 0 0 0 0 0 0 0 0 0 0 0 0 0 0 0
1980 7 1 3 0 1 30 30 36 0 0 0 0 0 1 2 3 2 1 3 3 2 1 0 1 1 1 0 0 0 0 0 0 0 0 0 0 0 0 0 0 0 0 0 0 0 0 0 0 0 0 1 2 0 0 2 3 1 2 0 2 1 0 0 0 1 0 0 0 0 0 0 0 0 0 0 0 0 0 0 0
1980 7 1 3 0 1 32 32 40 0 0 0 0 0 1 2 2 3 4 6 4 0 0 3 0 1 2 0 0 0 0 0 0 0 0 0 0 0 0 0 0 0 0 0 0 0 0 0 0 0 0 0 0 0 1 0 1 1 1 1 1 0 0 0 1 0 0 2 0 1 1 0 1 0 0 0 0 0 0 0 0
1980 7 1 3 0 1 34 34 38 0 0 0 0 0 0 1 0 3 4 4 3 3 2 1 1 1 0 0 0 0 0 0 0 0 0 0 0 0 1 0 0 0 0 0 0 0 0 0 0 0 0 0 0 0 0 0 0 0 0 0 1 2 1 1 0 1 1 4 1 0 0 1 0 1 0 0 0 0 0 0 0
1980 7 1 3 0 1 36 36 25 0 0 0 0 0 0 0 1 0 2 1 5 1 2 2 4 2 2 1 1 0 0 0 0 0 0 0 0 0 0 0 0 0 0 0 0 0 0 0 0 0 0 0 0 0 0 0 0 0 0 0 0 0 0 1 0 0 0 0 0 0 0 0 0 0 0 0 0 0 0 0 0
1980 7 1 3 0 1 38 38 20 0 0 0 0 0 0 0 0 0 0 0 4 0 2 1 2 2 1 2 3 0 1 0 2 0 0 0 0 0 0 0 0 0 0 0 0 0 0 0 0 0 0 0 0 0 0 0 0 0 0 0 0 0 0 0 0 0 0 0 0 0 0 0 0 0 0 0 0 0 0 0 0
1980 7 1 3 0 1 40 40 29 0 0 0 0 0 0 0 0 0 0 0 0 1 1 5 2 4 2 3 3 3 2 0 1 1 0 0 0 0 1 0 0 0 0 0 0 0 0 0 0 0 0 0 0 0 0 0 0 0 0 0 0 0 0 0 0 0 0 0 0 0 0 0 0 0 0 0 0 0 0 0 0
1980 7 1 3 0 1 42 42 25 0 0 0 0 0 0 0 0 0 0 0 0 1 1 0 0 1 2 1 1 2 3 0 1 4 1 3 0 3 0 0 1 0 0 0 0 0 0 0 0 0 0 0 0 0 0 0 0 0 0 0 0 0 0 0 0 0 0 0 0 0 0 0 0 0 0 0 0 0 0 0 0
1980 7 1 3 0 1 44 44  2 0 0 0 0 0 0 0 0 0 0 0 0 0 0 0 0 1 0 0 0 0 0 1 0 0 0 0 0 0 0 0 0 0 0 0 0 0 0 0 0 0 0 0 0 0 0 0 0 0 0 0 0 0 0 0 0 0 0 0 0 0 0 0 0 0 0 0 0 0 0 0 0
1981 7 1 3 0 1 20 20  3 0 0 0 0 1 0 0 0 0 0 0 0 0 0 0 0 0 0 0 0 0 0 0 0 0 0 0 0 0 0 0 0 0 0 0 0 0 0 0 0 2 0 0 0 0 0 0 0 0 0 0 0 0 0 0 0 0 0 0 0 0 0 0 0 0 0 0 0 0 0 0 0
1981 7 1 3 0 1 22 22  4 0 0 0 0 2 1 0 0 0 0 0 0 0 0 0 0 0 0 0 0 0 0 0 0 0 0 0 0 0 0 0 0 0 0 0 0 0 0 0 0 1 0 0 0 0 0 0 0 0 0 0 0 0 0 0 0 0 0 0 0 0 0 0 0 0 0 0 0 0 0 0 0
1981 7 1 3 0 1 24 24 11 0 0 0 0 0 2 1 2 0 0 0 0 0 0 0 0 0 0 0 0 0 0 0 0 0 0 0 0 0 0 0 0 0 0 0 0 0 0 0 0 0 0 0 1 1 0 0 1 0 0 2 0 0 0 0 0 1 0 0 0 0 0 0 0 0 0 0 0 0 0 0 0
1981 7 1 3 0 1 26 26 28 0 0 0 0 0 2 4 4 1 1 0 0 1 0 1 0 0 0 0 0 0 0 0 0 0 0 0 0 0 0 0 0 0 0 0 0 0 0 0 0 0 0 2 0 2 2 0 0 2 1 1 2 0 1 1 0 0 0 0 0 0 0 0 0 0 0 0 0 0 0 0 0
1981 7 1 3 0 1 28 28 40 0 0 0 0 0 0 2 6 7 0 3 0 0 0 0 0 1 0 0 0 0 0 0 0 0 0 0 0 0 0 0 0 0 0 0 0 0 0 0 0 0 0 0 1 3 2 3 2 2 1 1 1 0 1 0 2 2 0 0 0 0 0 0 0 0 0 0 0 0 0 0 0
1981 7 1 3 0 1 30 30 52 0 0 0 0 0 1 0 2 2 3 3 3 1 1 0 1 0 0 2 0 0 0 0 0 0 0 0 0 0 0 0 0 0 0 0 0 0 0 0 0 0 0 2 0 0 3 0 2 2 4 1 4 1 4 8 1 0 0 1 0 0 0 0 0 0 0 0 0 0 0 0 0
1981 7 1 3 0 1 32 32 61 0 0 0 0 0 0 0 1 3 0 1 3 5 2 2 3 3 0 1 2 1 0 1 0 0 0 0 0 0 0 0 0 0 0 0 0 0 0 0 0 0 0 0 0 0 2 1 0 0 1 1 4 5 5 5 2 0 1 1 1 1 0 1 0 0 0 0 1 0 1 0 0
1981 7 1 3 0 1 34 34 42 0 0 0 0 0 0 0 0 2 1 0 1 2 4 3 7 4 1 4 1 0 0 0 0 0 0 2 0 0 0 0 0 0 0 0 1 0 0 0 0 0 0 0 0 1 0 0 0 0 0 0 0 1 0 0 0 0 3 0 1 0 0 1 0 1 0 1 0 0 0 0 0
1981 7 1 3 0 1 36 36 30 0 0 0 0 0 0 0 0 0 0 0 1 0 5 3 2 1 6 2 1 1 3 0 0 1 1 0 0 0 0 0 1 0 0 0 0 0 0 0 0 0 0 0 0 0 0 0 0 0 1 0 0 0 0 0 0 0 0 0 0 0 0 1 0 0 0 0 0 0 0 0 0
1981 7 1 3 0 1 38 38 15 0 0 0 0 0 0 0 0 0 0 0 0 1 0 1 0 1 2 2 2 2 2 0 1 0 0 0 1 0 0 0 0 0 0 0 0 0 0 0 0 0 0 0 0 0 0 0 0 0 0 0 0 0 0 0 0 0 0 0 0 0 0 0 0 0 0 0 0 0 0 0 0
1981 7 1 3 0 1 40 40  9 0 0 0 0 0 0 0 0 0 0 0 0 0 0 0 0 0 1 3 1 0 1 2 0 0 0 0 1 0 0 0 0 0 0 0 0 0 0 0 0 0 0 0 0 0 0 0 0 0 0 0 0 0 0 0 0 0 0 0 0 0 0 0 0 0 0 0 0 0 0 0 0
1981 7 1 3 0 1 42 42 10 0 0 0 0 0 0 0 0 0 0 0 0 0 0 0 0 0 0 0 0 0 1 1 0 1 0 0 1 0 0 0 0 1 2 2 1 0 0 0 0 0 0 0 0 0 0 0 0 0 0 0 0 0 0 0 0 0 0 0 0 0 0 0 0 0 0 0 0 0 0 0 0
1981 7 1 3 0 1 44 44  1 0 0 0 0 0 0 0 0 0 0 0 0 0 0 0 0 0 0 0 0 0 0 0 0 0 0 0 1 0 0 0 0 0 0 0 0 0 0 0 0 0 0 0 0 0 0 0 0 0 0 0 0 0 0 0 0 0 0 0 0 0 0 0 0 0 0 0 0 0 0 0 0
1982 7 1 3 0 1 22 22  1 0 0 0 0 0 0 0 0 0 0 0 0 0 0 0 0 0 0 0 0 0 0 0 0 0 0 0 0 0 0 0 0 0 0 0 0 0 0 0 0 0 0 0 0 0 0 0 1 0 0 0 0 0 0 0 0 0 0 0 0 0 0 0 0 0 0 0 0 0 0 0 0
1982 7 1 3 0 1 24 24 17 0 0 0 0 1 6 3 0 1 0 0 1 0 0 0 0 0 0 0 0 0 0 0 0 0 0 0 0 0 0 0 0 0 0 0 0 0 0 0 0 0 2 2 0 0 0 0 0 0 1 0 0 0 0 0 0 0 0 0 0 0 0 0 0 0 0 0 0 0 0 0 0
1982 7 1 3 0 1 26 26 43 0 0 0 0 0 2 6 4 5 1 0 1 0 0 0 1 0 0 1 0 0 0 0 0 0 0 0 0 0 0 0 0 0 0 0 0 0 0 0 0 0 0 2 6 5 1 1 1 2 0 0 1 0 1 0 2 0 0 0 0 0 0 0 0 0 0 0 0 0 0 0 0
1982 7 1 3 0 1 28 28 52 0 0 0 0 0 1 2 6 4 4 2 0 3 2 1 0 1 0 0 0 1 0 0 0 0 0 0 0 0 0 0 0 0 0 0 0 0 0 0 0 0 0 0 0 0 1 1 0 3 1 3 3 2 2 1 1 1 3 2 1 0 0 0 0 0 0 0 0 0 0 0 0
1982 7 1 3 0 1 30 30 63 0 0 0 0 0 0 1 4 7 6 3 2 2 2 4 0 1 1 1 1 0 0 0 0 0 0 0 0 0 0 0 0 0 0 0 0 0 0 0 0 0 0 0 1 0 2 1 2 5 4 1 1 1 1 2 0 1 0 2 0 1 1 0 1 1 0 0 0 0 0 0 0
1982 7 1 3 0 1 32 32 68 0 0 0 0 0 0 0 2 3 5 11 2 6 3 2 6 2 0 1 1 2 0 1 0 0 0 0 0 0 0 0 0 0 0 0 0 0 0 0 0 0 0 0 0 0 0 0 1 0 1 1 1 1 3 2 4 4 1 1 0 1 0 0 0 0 0 0 0 0 0 0 0
1982 7 1 3 0 1 34 34 40 0 0 0 0 0 0 0 0 0 2 4 3 2 4 2 2 5 4 3 0 0 2 2 0 1 1 0 0 1 0 0 0 0 0 0 0 0 0 0 0 0 0 0 0 0 0 1 0 0 0 0 0 0 0 0 0 0 1 0 0 0 0 0 0 0 0 0 0 0 0 0 0
1982 7 1 3 0 1 36 36 34 0 0 0 0 0 0 0 0 0 2 0 2 2 2 3 3 2 3 5 2 1 1 0 2 2 0 1 1 0 0 0 0 0 0 0 0 0 0 0 0 0 0 0 0 0 0 0 0 0 0 0 0 0 0 0 0 0 0 0 0 0 0 0 0 0 0 0 0 0 0 0 0
1982 7 1 3 0 1 38 38 25 0 0 0 0 0 0 0 0 0 0 0 0 0 1 1 2 2 2 3 1 4 3 0 1 1 0 2 0 1 1 0 0 0 0 0 0 0 0 0 0 0 0 0 0 0 0 0 0 0 0 0 0 0 0 0 0 0 0 0 0 0 0 0 0 0 0 0 0 0 0 0 0
1982 7 1 3 0 1 40 40 12 0 0 0 0 0 0 0 0 0 0 1 0 0 0 1 0 1 1 0 2 2 1 1 0 0 1 0 0 0 0 0 1 0 0 0 0 0 0 0 0 0 0 0 0 0 0 0 0 0 0 0 0 0 0 0 0 0 0 0 0 0 0 0 0 0 0 0 0 0 0 0 0
1982 7 1 3 0 1 42 42  8 0 0 0 0 0 0 0 0 0 0 0 0 0 0 0 0 0 0 0 0 2 0 0 2 0 1 1 0 1 0 0 0 0 0 0 1 0 0 0 0 0 0 0 0 0 0 0 0 0 0 0 0 0 0 0 0 0 0 0 0 0 0 0 0 0 0 0 0 0 0 0 0
1982 7 1 3 0 1 44 44  1 0 0 0 0 0 0 0 0 0 0 0 0 0 0 0 0 0 0 0 0 0 0 0 0 0 0 0 0 0 0 0 0 0 0 0 1 0 0 0 0 0 0 0 0 0 0 0 0 0 0 0 0 0 0 0 0 0 0 0 0 0 0 0 0 0 0 0 0 0 0 0 0
1983 7 1 3 0 1 20 20  2 0 0 0 0 0 0 0 0 0 0 0 0 0 0 0 0 0 0 0 0 0 0 0 0 0 0 0 0 0 0 0 0 0 0 0 0 0 0 0 0 0 1 0 0 0 1 0 0 0 0 0 0 0 0 0 0 0 0 0 0 0 0 0 0 0 0 0 0 0 0 0 0
1983 7 1 3 0 1 22 22  3 0 0 0 0 0 0 0 0 1 0 0 0 0 0 0 0 0 0 0 0 0 0 0 0 0 0 0 0 0 0 0 0 0 0 0 0 0 0 0 0 0 0 0 2 0 0 0 0 0 0 0 0 0 0 0 0 0 0 0 0 0 0 0 0 0 0 0 0 0 0 0 0
1983 7 1 3 0 1 24 24 13 0 0 0 0 0 1 1 0 1 1 0 0 1 0 0 0 0 0 0 0 0 0 0 0 0 0 0 0 0 0 0 0 0 0 0 0 0 0 0 0 0 1 4 0 0 1 0 0 0 0 1 0 0 0 1 0 0 0 0 0 0 0 0 0 0 0 0 0 0 0 0 0
1983 7 1 3 0 1 26 26 17 0 0 0 0 0 1 1 1 2 2 1 0 0 0 0 0 0 0 0 0 0 0 0 0 0 0 0 0 0 0 0 0 0 0 0 0 0 0 0 0 0 0 0 0 2 2 0 0 0 0 0 0 0 2 0 1 0 0 2 0 0 0 0 0 0 0 0 0 0 0 0 0
1983 7 1 3 0 1 28 28 38 0 0 0 0 0 0 0 2 5 2 1 2 1 2 2 1 2 0 1 0 0 0 1 0 0 0 0 0 0 0 0 0 0 0 0 0 0 0 0 0 0 0 1 0 1 1 0 0 2 3 4 0 0 0 0 0 0 1 1 0 1 0 0 1 0 0 0 0 0 0 0 0
1983 7 1 3 0 1 30 30 27 0 0 0 0 0 0 0 1 1 3 1 2 0 3 1 0 2 0 2 2 1 0 1 0 0 0 0 0 0 0 0 0 0 0 0 0 0 0 0 0 0 0 0 0 0 0 0 0 0 1 2 2 0 0 1 0 0 0 0 0 0 0 0 0 0 0 0 0 0 0 0 1
1983 7 1 3 0 1 32 32 52 0 0 0 0 0 0 0 0 2 1 3 3 3 1 2 3 2 8 5 4 2 2 2 1 1 2 0 0 0 1 0 0 0 0 0 0 0 0 0 0 0 0 0 0 0 0 0 0 0 0 1 0 1 0 0 1 0 0 1 0 0 0 0 0 0 0 0 0 0 0 0 0
1983 7 1 3 0 1 34 34 41 0 0 0 0 0 0 0 0 0 1 1 1 1 2 3 3 1 5 2 2 4 2 3 2 2 0 0 0 0 1 1 0 0 0 0 2 0 0 0 0 0 0 0 0 0 0 0 0 0 1 0 0 1 0 0 0 0 0 0 0 0 0 0 0 0 0 0 0 0 0 0 0
1983 7 1 3 0 1 36 36 25 0 0 0 0 0 0 0 0 0 0 1 1 2 2 1 3 2 3 2 3 0 0 2 0 1 0 0 1 0 0 0 0 0 0 0 0 0 0 0 0 0 0 0 0 0 0 0 0 0 0 0 0 0 0 0 0 0 1 0 0 0 0 0 0 0 0 0 0 0 0 0 0
1983 7 1 3 0 1 38 38 18 0 0 0 0 0 0 0 0 0 0 0 1 1 0 1 1 0 2 4 1 1 1 0 1 1 0 1 1 0 0 0 0 0 0 1 0 0 0 0 0 0 0 0 0 0 0 0 0 0 0 0 0 0 0 0 0 0 0 0 0 0 0 0 0 0 0 0 0 0 0 0 0
1983 7 1 3 0 1 40 40 13 0 0 0 0 0 0 0 0 0 0 0 0 0 0 0 0 0 3 2 0 0 2 0 2 0 1 1 0 0 1 0 0 0 0 0 1 0 0 0 0 0 0 0 0 0 0 0 0 0 0 0 0 0 0 0 0 0 0 0 0 0 0 0 0 0 0 0 0 0 0 0 0
1983 7 1 3 0 1 42 42 10 0 0 0 0 0 0 0 0 0 0 0 0 0 0 1 0 0 0 2 1 0 1 1 1 1 0 1 0 0 1 0 0 0 0 0 0 0 0 0 0 0 0 0 0 0 0 0 0 0 0 0 0 0 0 0 0 0 0 0 0 0 0 0 0 0 0 0 0 0 0 0 0
1983 7 1 3 0 1 44 44  2 0 0 0 0 0 0 0 0 0 0 0 0 0 0 0 0 0 0 0 0 1 0 0 0 0 0 0 0 0 0 1 0 0 0 0 0 0 0 0 0 0 0 0 0 0 0 0 0 0 0 0 0 0 0 0 0 0 0 0 0 0 0 0 0 0 0 0 0 0 0 0 0
1984 7 1 3 0 1 20 20  6 0 0 0 0 0 3 2 0 0 0 0 0 0 0 0 0 0 0 0 0 0 0 0 0 0 0 0 0 0 0 0 0 0 0 0 0 0 0 0 0 0 0 1 0 0 0 0 0 0 0 0 0 0 0 0 0 0 0 0 0 0 0 0 0 0 0 0 0 0 0 0 0
1984 7 1 3 0 1 22 22 19 0 0 0 0 0 2 1 1 2 2 0 0 0 0 0 0 0 0 0 0 0 0 0 0 0 0 0 0 0 0 0 0 0 0 0 0 0 0 0 0 0 0 3 0 2 1 2 1 1 1 0 0 0 0 0 0 0 0 0 0 0 0 0 0 0 0 0 0 0 0 0 0
1984 7 1 3 0 1 24 24 32 0 0 0 0 0 1 1 1 3 2 6 2 0 1 1 0 0 1 0 0 0 0 0 0 0 0 0 0 0 0 0 0 0 0 0 0 0 0 0 0 0 0 0 0 0 2 1 3 0 2 2 0 1 0 1 0 1 0 0 0 0 0 0 0 0 0 0 0 0 0 0 0
1984 7 1 3 0 1 26 26 57 0 0 0 0 0 0 2 4 6 3 1 2 2 1 1 1 1 0 1 0 1 0 1 0 0 0 0 0 0 0 0 0 0 0 0 0 0 0 0 0 0 0 0 0 5 3 0 3 1 4 2 0 2 1 3 1 0 1 1 0 2 0 0 1 0 0 0 0 0 0 0 0
1984 7 1 3 0 1 28 28 50 0 0 0 0 0 1 1 2 2 4 1 6 1 0 0 1 0 0 1 2 1 0 0 0 1 0 0 0 0 0 0 0 0 0 0 0 0 0 0 0 0 0 0 0 1 2 3 0 3 1 1 3 0 1 4 1 2 1 1 1 0 1 0 0 0 0 0 0 0 0 0 0
1984 7 1 3 0 1 30 30 57 0 0 0 0 0 0 2 3 2 2 4 4 4 2 2 0 0 5 1 0 0 0 0 0 1 0 0 0 0 0 0 0 0 0 0 0 0 0 0 0 0 0 1 1 2 1 1 2 0 1 1 2 3 2 4 0 0 1 0 2 0 1 0 0 0 0 0 0 0 0 0 0
1984 7 1 3 0 1 32 32 91 0 0 0 0 0 0 0 1 3 6 7 2 5 4 3 0 5 4 8 4 2 2 2 3 0 0 2 0 0 0 0 0 1 1 0 0 0 0 0 0 0 0 1 2 0 0 1 0 0 1 0 0 2 0 2 1 1 2 3 2 2 0 2 1 0 0 1 1 0 0 0 1
1984 7 1 3 0 1 34 34 61 0 0 0 0 0 0 0 0 1 4 1 5 1 6 4 4 3 5 5 2 5 2 0 4 0 0 1 0 0 0 0 0 0 0 0 1 0 0 0 0 0 0 0 0 0 0 0 0 1 0 0 0 0 0 0 1 0 0 0 1 3 0 1 0 0 0 0 0 0 0 0 0
1984 7 1 3 0 1 36 36 32 0 0 0 0 0 0 0 0 1 0 3 1 1 1 3 2 1 2 2 2 1 4 2 3 0 0 0 0 0 0 0 0 0 0 1 0 0 0 0 0 0 0 0 0 0 0 0 0 0 0 0 0 0 0 0 0 0 0 0 0 1 0 0 1 0 0 0 0 0 0 0 0
1984 7 1 3 0 1 38 38 33 0 0 0 0 0 0 0 0 2 0 0 2 1 0 1 4 0 2 4 0 2 1 2 1 3 2 1 0 0 1 1 0 0 1 0 1 0 0 0 0 0 0 0 0 0 0 0 0 0 0 0 0 0 0 1 0 0 0 0 0 0 0 0 0 0 0 0 0 0 0 0 0
1984 7 1 3 0 1 40 40 21 0 0 0 0 0 0 0 0 0 0 0 0 0 1 0 0 0 1 2 3 0 2 2 2 0 2 0 3 0 1 0 0 1 0 0 1 0 0 0 0 0 0 0 0 0 0 0 0 0 0 0 0 0 0 0 0 0 0 0 0 0 0 0 0 0 0 0 0 0 0 0 0
1984 7 1 3 0 1 42 42 11 0 0 0 0 0 0 0 0 0 0 0 0 0 0 0 1 0 0 0 0 0 0 0 1 3 0 2 0 0 1 0 1 1 0 0 1 0 0 0 0 0 0 0 0 0 0 0 0 0 0 0 0 0 0 0 0 0 0 0 0 0 0 0 0 0 0 0 0 0 0 0 0
#
#_MARGINAL AGE COMPS FOR CALREC -- FLEET MADE NEGATIVE TO EXCLUDE FROM LIKELIHOOD
1980 7 -1 3 2 1 -1 -1 310 0 0 0 0 2 16 19 11 14 12 17 20 8 11 12 10 13 11 7 8 5 6 1 4 5 1 3 0 3 2 0 1 0 0 0 0 0 0 0 0 3 9 8 7 4 2 7 6 3 3 2 6 3 2 2 1 4 1 6 1 1 1 1 1 1 0 0 0 0 0 0 0
1981 7 -1 3 2 1 -1 -1 306 0 0 0 0 3 6 7 15 15 5 7 8 10 12 10 13 10 10 14 7 4 7 4 1 2 1 2 4 0 0 0 1 1 2 2 2 0 0 0 0 3 0 4 2 7 9 4 5 6 8 6 11 7 11 14 5 3 4 2 2 1 0 3 0 1 0 1 1 0 1 0 0
1982 7 -1 3 2 1 -1 -1 365 0 0 0 0 1 9 12 16 20 20 21 11 15 14 14 14 14 11 14 7 12 7 4 5 4 3 4 1 3 1 0 1 0 0 0 2 0 0 0 0 0 2 4 7 5 4 4 5 10 7 5 6 4 7 5 7 6 5 5 1 2 1 0 1 1 0 0 0 0 0 0 0
1983 7 -1 3 2 1 -1 -1 261 0 0 0 0 0 2 2 4 12 10 8 10 9 10 11 11 9 21 20 13 9 8 10 7 6 3 3 2 0 4 2 0 0 0 1 3 0 0 0 0 0 2 5 2 3 5 0 0 2 5 8 2 2 2 2 2 0 2 4 0 1 0 0 1 0 0 0 0 0 0 0 1
1984 7 -1 3 2 1 -1 -1 470 0 0 0 0 0 7 9 12 22 23 23 24 15 16 15 13 10 20 24 13 12 11 9 14 8 4 6 3 0 3 1 1 3 2 1 4 0 0 0 0 0 0 6 3 10 9 8 9 6 10 6 5 8 4 15 4 4 5 5 6 8 2 3 3 0 0 1 1 0 0 0 1
#
# Schmidt CAAL comps; drop 2012 (9 fish)
#_yr month fleet sex part error L_LO L_HI Nfish F0 F1 F2 F3 F4 F5 F6 F7 F8 F9 F10 F11 F12 F13 F14 F15 F16 F17 F18 F19 F20 F21 F22 F23 F24 F25 F26 F27 F28 F29 F30 F31 F32 F33 F34 F35+ M0 M1 M2 M3 M4 M5 M6 M7 M8 M9 M10 M11 M12 M13 M14 M15 M16 M17 M18 M19 M20 M21 M22 M23 M24 M25 M26 M27 M28 M29 M30 M31 M32 M33 M34 M35+
2010 7 12 3 2 1 14 14 12 0 2 6 0 0 0 0 0 0 0 0 0 0 0 0 0 0 0 0 0 0 0 0 0 0 0 0 0 0 0 0 0 0 0 0 0 0 1 2 0 1 0 0 0 0 0 0 0 0 0 0 0 0 0 0 0 0 0 0 0 0 0 0 0 0 0 0 0 0 0 0 0
2010 7 12 3 2 1 16 16 15 0 0 9 0 0 0 0 0 0 0 0 0 0 0 0 0 0 0 0 0 0 0 0 0 0 0 0 0 0 0 0 0 0 0 0 0 0 0 6 0 0 0 0 0 0 0 0 0 0 0 0 0 0 0 0 0 0 0 0 0 0 0 0 0 0 0 0 0 0 0 0 0
2010 7 12 3 2 1 18 18  6 0 0 1 0 0 0 0 0 0 0 0 0 0 0 0 0 0 0 0 0 0 0 0 0 0 0 0 0 0 0 0 0 0 0 0 0 0 0 0 3 0 1 0 1 0 0 0 0 0 0 0 0 0 0 0 0 0 0 0 0 0 0 0 0 0 0 0 0 0 0 0 0
2010 7 12 3 2 1 20 20 16 0 0 1 7 1 0 0 0 2 0 0 0 0 0 0 0 0 0 0 0 0 0 0 0 0 0 0 0 0 0 0 0 0 0 0 0 0 0 0 3 0 0 0 0 0 1 0 0 0 0 0 1 0 0 0 0 0 0 0 0 0 0 0 0 0 0 0 0 0 0 0 0
2010 7 12 3 2 1 22 22 39 0 0 1 14 0 0 1 5 4 1 1 0 0 0 0 0 0 0 0 0 0 0 0 0 0 0 0 0 0 0 0 0 0 0 0 0 0 0 0 4 1 0 3 1 1 1 1 0 0 0 0 0 0 0 0 0 0 0 0 0 0 0 0 0 0 0 0 0 0 0 0 0
2010 7 12 3 2 1 24 24 49 0 0 0 2 0 1 9 10 6 5 4 1 0 0 0 0 0 0 0 0 0 0 0 0 0 0 0 0 0 0 0 0 0 0 0 0 0 0 0 0 0 0 4 4 0 3 0 0 0 0 0 0 0 0 0 0 0 0 0 0 0 0 0 0 0 0 0 0 0 0 0 0
2010 7 12 3 2 1 26 26 67 0 0 0 0 2 4 14 9 17 5 6 3 2 0 0 0 0 0 0 0 0 0 0 0 0 0 0 0 0 0 0 0 0 0 0 0 0 0 0 0 0 1 0 1 2 0 0 0 0 1 0 0 0 0 0 0 0 0 0 0 0 0 0 0 0 0 0 0 0 0 0 0
2010 7 12 3 2 1 28 28 62 0 0 0 0 0 0 7 8 13 15 5 4 3 5 1 0 0 0 0 0 0 0 0 0 0 0 0 0 0 0 0 0 0 0 0 0 0 0 0 0 0 0 1 0 0 0 0 0 0 0 0 0 0 0 0 0 0 0 0 0 0 0 0 0 0 0 0 0 0 0 0 0
2010 7 12 3 2 1 30 30 41 0 0 0 0 0 0 0 4 7 6 4 4 3 3 1 2 2 2 1 1 0 0 0 0 0 0 0 0 0 0 0 0 0 0 0 0 0 0 0 0 0 0 0 0 0 0 0 0 1 0 0 0 0 0 0 0 0 0 0 0 0 0 0 0 0 0 0 0 0 0 0 0
2010 7 12 3 2 1 32 32 29 0 0 0 0 0 0 0 0 0 4 1 3 1 3 2 4 2 3 2 1 1 0 0 1 0 0 0 1 0 0 0 0 0 0 0 0 0 0 0 0 0 0 0 0 0 0 0 0 0 0 0 0 0 0 0 0 0 0 0 0 0 0 0 0 0 0 0 0 0 0 0 0
2010 7 12 3 2 1 34 34  7 0 0 0 0 0 0 0 0 0 0 1 0 0 0 0 0 1 1 1 1 1 1 0 0 0 0 0 0 0 0 0 0 0 0 0 0 0 0 0 0 0 0 0 0 0 0 0 0 0 0 0 0 0 0 0 0 0 0 0 0 0 0 0 0 0 0 0 0 0 0 0 0
2010 7 12 3 2 1 36 36  7 0 0 0 0 0 0 0 0 0 0 0 0 1 0 0 1 0 2 0 1 0 1 0 0 1 0 0 0 0 0 0 0 0 0 0 0 0 0 0 0 0 0 0 0 0 0 0 0 0 0 0 0 0 0 0 0 0 0 0 0 0 0 0 0 0 0 0 0 0 0 0 0
2011 7 12 3 2 1 12 12  2 0 1 0 0 0 0 0 0 0 0 0 0 0 0 0 0 0 0 0 0 0 0 0 0 0 0 0 0 0 0 0 0 0 0 0 0 0 1 0 0 0 0 0 0 0 0 0 0 0 0 0 0 0 0 0 0 0 0 0 0 0 0 0 0 0 0 0 0 0 0 0 0
2011 7 12 3 2 1 14 14 23 0 1 13 1 0 0 0 0 0 0 0 0 0 0 0 0 0 0 0 0 0 0 0 0 0 0 0 0 0 0 0 0 0 0 0 0 0 0 8 0 0 0 0 0 0 0 0 0 0 0 0 0 0 0 0 0 0 0 0 0 0 0 0 0 0 0 0 0 0 0 0 0
2011 7 12 3 2 1 16 16 38 0 1 19 4 1 0 0 0 0 0 0 0 0 0 0 0 0 0 0 0 0 0 0 0 0 0 0 0 0 0 0 0 0 0 0 0 0 0 8 4 1 0 0 0 0 0 0 0 0 0 0 0 0 0 0 0 0 0 0 0 0 0 0 0 0 0 0 0 0 0 0 0
2011 7 12 3 2 1 18 18 55 0 0 15 13 5 0 0 0 0 0 0 0 0 0 0 0 0 0 0 0 0 0 0 0 0 0 0 0 0 0 0 0 0 0 0 0 0 0 12 9 0 0 1 0 0 0 0 0 0 0 0 0 0 0 0 0 0 0 0 0 0 0 0 0 0 0 0 0 0 0 0 0
2011 7 12 3 2 1 20 20 32 0 0 6 16 4 0 0 0 0 0 0 0 0 0 0 0 0 0 0 0 0 0 0 0 0 0 0 0 0 0 0 0 0 0 0 0 0 0 3 3 0 0 0 0 0 0 0 0 0 0 0 0 0 0 0 0 0 0 0 0 0 0 0 0 0 0 0 0 0 0 0 0
2011 7 12 3 2 1 22 22 35 0 0 1 13 5 0 0 0 0 0 0 0 0 0 0 0 0 0 0 0 0 0 0 0 0 0 0 0 0 0 0 0 0 0 0 0 0 0 0 5 11 0 0 0 0 0 0 0 0 0 0 0 0 0 0 0 0 0 0 0 0 0 0 0 0 0 0 0 0 0 0 0
2011 7 12 3 2 1 24 24 53 0 0 0 12 24 7 0 0 0 0 0 0 0 0 0 0 0 0 0 0 0 0 0 0 0 0 0 0 0 0 0 0 0 0 0 0 0 0 0 1 3 0 1 1 2 0 1 0 1 0 0 0 0 0 0 0 0 0 0 0 0 0 0 0 0 0 0 0 0 0 0 0
2011 7 12 3 2 1 26 26 52 0 0 0 1 18 2 1 8 10 0 1 0 0 2 0 0 0 0 0 0 0 0 0 0 0 0 0 0 0 0 0 0 0 0 0 0 0 0 0 2 1 0 0 3 1 1 0 1 0 0 0 0 0 0 0 0 0 0 0 0 0 0 0 0 0 0 0 0 0 0 0 0
2011 7 12 3 2 1 28 28 47 0 0 0 0 3 7 3 14 9 6 0 0 1 0 1 0 0 0 0 0 0 0 0 0 0 0 0 0 0 0 0 0 0 0 0 0 0 0 0 0 0 0 0 2 1 0 0 0 0 0 0 0 0 0 0 0 0 0 0 0 0 0 0 0 0 0 0 0 0 0 0 0
2011 7 12 3 2 1 30 30 39 0 0 0 0 1 0 1 8 8 7 6 2 0 2 1 2 0 0 0 0 0 0 0 0 0 0 0 0 0 0 0 0 0 0 0 0 0 0 0 0 0 0 0 0 1 0 0 0 0 0 0 0 0 0 0 0 0 0 0 0 0 0 0 0 0 0 0 0 0 0 0 0
2011 7 12 3 2 1 32 32 18 0 0 0 0 0 0 0 2 1 2 2 5 1 0 2 0 1 1 0 0 0 0 1 0 0 0 0 0 0 0 0 0 0 0 0 0 0 0 0 0 0 0 0 0 0 0 0 0 0 0 0 0 0 0 0 0 0 0 0 0 0 0 0 0 0 0 0 0 0 0 0 0
2011 7 12 3 2 1 34 34  7 0 0 0 0 0 0 0 0 0 1 0 0 0 0 0 2 1 0 0 2 1 0 0 0 0 0 0 0 0 0 0 0 0 0 0 0 0 0 0 0 0 0 0 0 0 0 0 0 0 0 0 0 0 0 0 0 0 0 0 0 0 0 0 0 0 0 0 0 0 0 0 0
2011 7 12 3 2 1 36 36  7 0 0 0 0 0 0 0 0 0 0 0 0 0 0 0 1 0 1 0 2 2 0 0 0 0 0 0 0 0 0 0 0 0 1 0 0 0 0 0 0 0 0 0 0 0 0 0 0 0 0 0 0 0 0 0 0 0 0 0 0 0 0 0 0 0 0 0 0 0 0 0 0
-2012 7 12 3 2 1 20 20  1 0 0 0 0 0 0 0 0 0 0 0 0 0 0 0 0 0 0 0 0 0 0 0 0 0 0 0 0 0 0 0 0 0 0 0 0 0 0 0 1 0 0 0 0 0 0 0 0 0 0 0 0 0 0 0 0 0 0 0 0 0 0 0 0 0 0 0 0 0 0 0 0
-2012 7 12 3 2 1 22 22  1 0 0 0 0 0 1 0 0 0 0 0 0 0 0 0 0 0 0 0 0 0 0 0 0 0 0 0 0 0 0 0 0 0 0 0 0 0 0 0 0 0 0 0 0 0 0 0 0 0 0 0 0 0 0 0 0 0 0 0 0 0 0 0 0 0 0 0 0 0 0 0 0
-2012 7 12 3 2 1 26 26  1 0 0 0 0 0 0 1 0 0 0 0 0 0 0 0 0 0 0 0 0 0 0 0 0 0 0 0 0 0 0 0 0 0 0 0 0 0 0 0 0 0 0 0 0 0 0 0 0 0 0 0 0 0 0 0 0 0 0 0 0 0 0 0 0 0 0 0 0 0 0 0 0
-2012 7 12 3 2 1 28 28  1 0 0 0 0 0 0 0 0 0 0 0 1 0 0 0 0 0 0 0 0 0 0 0 0 0 0 0 0 0 0 0 0 0 0 0 0 0 0 0 0 0 0 0 0 0 0 0 0 0 0 0 0 0 0 0 0 0 0 0 0 0 0 0 0 0 0 0 0 0 0 0 0
-2012 7 12 3 2 1 30 30  1 0 0 0 0 0 0 0 0 0 1 0 0 0 0 0 0 0 0 0 0 0 0 0 0 0 0 0 0 0 0 0 0 0 0 0 0 0 0 0 0 0 0 0 0 0 0 0 0 0 0 0 0 0 0 0 0 0 0 0 0 0 0 0 0 0 0 0 0 0 0 0 0
-2012 7 12 3 2 1 32 32  2 0 0 0 0 0 0 0 0 0 0 0 0 1 0 1 0 0 0 0 0 0 0 0 0 0 0 0 0 0 0 0 0 0 0 0 0 0 0 0 0 0 0 0 0 0 0 0 0 0 0 0 0 0 0 0 0 0 0 0 0 0 0 0 0 0 0 0 0 0 0 0 0
-2012 7 12 3 2 1 34 34  1 0 0 0 0 0 0 0 0 0 0 0 1 0 0 0 0 0 0 0 0 0 0 0 0 0 0 0 0 0 0 0 0 0 0 0 0 0 0 0 0 0 0 0 0 0 0 0 0 0 0 0 0 0 0 0 0 0 0 0 0 0 0 0 0 0 0 0 0 0 0 0 0
-2012 7 12 3 2 1 36 36  1 0 0 0 0 0 0 0 0 0 0 0 0 0 0 0 0 0 1 0 0 0 0 0 0 0 0 0 0 0 0 0 0 0 0 0 0 0 0 0 0 0 0 0 0 0 0 0 0 0 0 0 0 0 0 0 0 0 0 0 0 0 0 0 0 0 0 0 0 0 0 0 0
#
#_MARGINAL AGE COMPS FOR SCHMIDT -- FLEET MADE NEGATIVE TO EXCLUDE FROM LIKELIHOOD
2010 7 -12 3 2 1 -1 -1 350 0 2 18 23 3 5 31 36 49 36 22 15 10 11 4 7 5 8 4 4 2 2 0 1 1 0 0 1 0 0 0 0 0 0 0 0 0 1 8 10 2 2 8 7 3 5 1 0 1 1 0 1 0 0 0 0 0 0 0 0 0 0 0 0 0 0 0 0 0 0 0 0
2011 7 -12 3 2 1 -1 -1 408 0 3 54 60 61 16 5 32 28 16 9 7 2 4 4 5 2 2 0 4 3 0 1 0 0 0 0 0 0 0 0 0 0 1 0 0 0 1 31 24 16 0 2 6 5 1 1 1 1 0 0 0 0 0 0 0 0 0 0 0 0 0 0 0 0 0 0 0 0 0 0 0
-2012 7 -12 3 2 1 -1 -1   9 0 0 0 0 0 1 1 0 0 1 0 2 1 0 1 0 0 1 0 0 0 0 0 0 0 0 0 0 0 0 0 0 0 0 0 0 0 0 0 1 0 0 0 0 0 0 0 0 0 0 0 0 0 0 0 0 0 0 0 0 0 0 0 0 0 0 0 0 0 0 0 0
#
#_Abrams CAAL comps
#_yr month fleet sex part error L_LO L_HI Nfish F0 F1 F2 F3 F4 F5 F6 F7 F8 F9 F10 F11 F12 F13 F14 F15 F16 F17 F18 F19 F20 F21 F22 F23 F24 F25 F26 F27 F28 F29 F30 F31 F32 F33 F34 F35+ M0 M1 M2 M3 M4 M5 M6 M7 M8 M9 M10 M11 M12 M13 M14 M15 M16 M17 M18 M19 M20 M21 M22 M23 M24 M25 M26 M27 M28 M29 M30 M31 M32 M33 M34 M35+
2010 7 13 3 2 1 10 10  2 0 2 0 0 0 0 0 0 0 0 0 0 0 0 0 0 0 0 0 0 0 0 0 0 0 0 0 0 0 0 0 0 0 0 0 0 0 0 0 0 0 0 0 0 0 0 0 0 0 0 0 0 0 0 0 0 0 0 0 0 0 0 0 0 0 0 0 0 0 0 0 0
# removed 12cm 5-yr-old; 2010 7 14 3 2 1 12 12  4 0 0 2 0 0 1 0 0 0 0 0 0 0 0 0 0 0 0 0 0 0 0 0 0 0 0 0 0 0 0 0 0 0 0 0 0 0 0 1 0 0 0 0 0 0 0 0 0 0 0 0 0 0 0 0 0 0 0 0 0 0 0 0 0 0 0 0 0 0 0 0 0
2010 7 13 3 2 1 12 12  3 0 0 2 0 0 0 0 0 0 0 0 0 0 0 0 0 0 0 0 0 0 0 0 0 0 0 0 0 0 0 0 0 0 0 0 0 0 0 1 0 0 0 0 0 0 0 0 0 0 0 0 0 0 0 0 0 0 0 0 0 0 0 0 0 0 0 0 0 0 0 0 0
2010 7 13 3 2 1 14 14  7 0 0 0 1 0 0 0 0 0 0 0 0 0 0 0 0 0 0 0 0 0 0 0 0 0 0 0 0 0 0 0 0 0 0 0 0 0 1 5 0 0 0 0 0 0 0 0 0 0 0 0 0 0 0 0 0 0 0 0 0 0 0 0 0 0 0 0 0 0 0 0 0
2010 7 13 3 2 1 16 16  5 0 0 2 0 1 0 0 0 0 0 0 0 0 0 0 0 0 0 0 0 0 0 0 0 0 0 0 0 0 0 0 0 0 0 0 0 0 0 0 2 0 0 0 0 0 0 0 0 0 0 0 0 0 0 0 0 0 0 0 0 0 0 0 0 0 0 0 0 0 0 0 0
2010 7 13 3 2 1 18 18 20 0 0 0 9 2 0 0 0 0 0 0 0 0 0 0 0 0 0 0 0 0 0 0 0 0 0 0 0 0 0 0 0 0 0 0 0 0 0 1 5 1 2 0 0 0 0 0 0 0 0 0 0 0 0 0 0 0 0 0 0 0 0 0 0 0 0 0 0 0 0 0 0
2010 7 13 3 2 1 20 20 21 0 0 0 7 1 0 0 0 0 0 0 0 0 0 0 0 0 0 0 0 0 0 0 0 0 0 0 0 0 0 0 0 0 0 0 0 0 0 0 9 1 1 2 0 0 0 0 0 0 0 0 0 0 0 0 0 0 0 0 0 0 0 0 0 0 0 0 0 0 0 0 0
2010 7 13 3 2 1 22 22 24 0 0 0 7 1 1 4 0 0 0 0 0 0 0 0 0 0 0 0 0 0 0 0 0 0 0 0 0 0 0 0 0 0 0 0 0 0 0 0 6 0 3 2 0 0 0 0 0 0 0 0 0 0 0 0 0 0 0 0 0 0 0 0 0 0 0 0 0 0 0 0 0
2010 7 13 3 2 1 24 24 32 0 0 0 1 1 5 8 1 0 0 0 1 0 0 0 0 0 0 0 0 0 0 0 0 0 0 0 0 0 0 0 0 0 0 0 0 0 0 0 0 2 5 5 2 1 0 0 0 0 0 0 0 0 0 0 0 0 0 0 0 0 0 0 0 0 0 0 0 0 0 0 0
2010 7 13 3 2 1 26 26 43 0 0 0 0 0 7 11 6 3 0 2 0 0 0 0 0 0 0 0 0 0 0 0 0 0 0 0 0 0 0 0 0 0 0 0 0 0 0 0 0 0 3 3 3 1 2 0 1 1 0 0 0 0 0 0 0 0 0 0 0 0 0 0 0 0 0 0 0 0 0 0 0
2010 7 13 3 2 1 28 28 27 0 0 0 0 0 4 8 5 1 3 0 1 0 0 0 0 0 0 0 0 0 0 0 0 0 0 0 0 0 0 0 0 0 0 0 0 0 0 0 0 0 1 1 0 2 0 1 0 0 0 0 0 0 0 0 0 0 0 0 0 0 0 0 0 0 0 0 0 0 0 0 0
2010 7 13 3 2 1 30 30 21 0 0 0 0 0 2 5 5 5 0 3 0 0 0 1 0 0 0 0 0 0 0 0 0 0 0 0 0 0 0 0 0 0 0 0 0 0 0 0 0 0 0 0 0 0 0 0 0 0 0 0 0 0 0 0 0 0 0 0 0 0 0 0 0 0 0 0 0 0 0 0 0
2010 7 13 3 2 1 32 32 13 0 0 0 0 0 0 3 0 1 5 1 1 1 0 0 1 0 0 0 0 0 0 0 0 0 0 0 0 0 0 0 0 0 0 0 0 0 0 0 0 0 0 0 0 0 0 0 0 0 0 0 0 0 0 0 0 0 0 0 0 0 0 0 0 0 0 0 0 0 0 0 0
2010 7 13 3 2 1 34 34 16 0 0 0 0 0 0 2 0 0 3 2 2 2 2 1 0 2 0 0 0 0 0 0 0 0 0 0 0 0 0 0 0 0 0 0 0 0 0 0 0 0 0 0 0 0 0 0 0 0 0 0 0 0 0 0 0 0 0 0 0 0 0 0 0 0 0 0 0 0 0 0 0
2010 7 13 3 2 1 36 36  3 0 0 0 0 0 0 0 0 0 0 0 1 1 1 0 0 0 0 0 0 0 0 0 0 0 0 0 0 0 0 0 0 0 0 0 0 0 0 0 0 0 0 0 0 0 0 0 0 0 0 0 0 0 0 0 0 0 0 0 0 0 0 0 0 0 0 0 0 0 0 0 0
2010 7 13 3 2 1 38 38  2 0 0 0 0 0 0 0 0 0 0 0 0 0 1 0 0 0 1 0 0 0 0 0 0 0 0 0 0 0 0 0 0 0 0 0 0 0 0 0 0 0 0 0 0 0 0 0 0 0 0 0 0 0 0 0 0 0 0 0 0 0 0 0 0 0 0 0 0 0 0 0 0
2011 7 13 3 2 1 10 10  1 0 0 0 0 0 0 0 0 0 0 0 0 0 0 0 0 0 0 0 0 0 0 0 0 0 0 0 0 0 0 0 0 0 0 0 0 0 1 0 0 0 0 0 0 0 0 0 0 0 0 0 0 0 0 0 0 0 0 0 0 0 0 0 0 0 0 0 0 0 0 0 0
2011 7 13 3 2 1 14 14  1 0 0 0 0 0 0 0 0 0 0 0 0 0 0 0 0 0 0 0 0 0 0 0 0 0 0 0 0 0 0 0 0 0 0 0 0 0 0 0 0 1 0 0 0 0 0 0 0 0 0 0 0 0 0 0 0 0 0 0 0 0 0 0 0 0 0 0 0 0 0 0 0
2011 7 13 3 2 1 16 16  3 0 0 1 0 0 0 0 0 0 0 0 0 0 0 0 0 0 0 0 0 0 0 0 0 0 0 0 0 0 0 0 0 0 0 0 0 0 0 0 2 0 0 0 0 0 0 0 0 0 0 0 0 0 0 0 0 0 0 0 0 0 0 0 0 0 0 0 0 0 0 0 0
2011 7 13 3 2 1 18 18  6 0 0 3 2 0 0 0 0 0 0 0 0 0 0 0 0 0 0 0 0 0 0 0 0 0 0 0 0 0 0 0 0 0 0 0 0 0 0 0 1 0 0 0 0 0 0 0 0 0 0 0 0 0 0 0 0 0 0 0 0 0 0 0 0 0 0 0 0 0 0 0 0
2011 7 13 3 2 1 20 20  7 0 0 0 2 2 1 0 0 0 0 0 0 0 0 0 0 0 0 0 0 0 0 0 0 0 0 0 0 0 0 0 0 0 0 0 0 0 0 0 1 0 1 0 0 0 0 0 0 0 0 0 0 0 0 0 0 0 0 0 0 0 0 0 0 0 0 0 0 0 0 0 0
2011 7 13 3 2 1 22 22 19 0 0 0 0 7 0 2 0 0 0 0 0 0 0 0 0 0 0 0 0 0 0 0 0 0 0 0 0 0 0 0 0 0 0 0 0 0 0 0 0 8 1 0 1 0 0 0 0 0 0 0 0 0 0 0 0 0 0 0 0 0 0 0 0 0 0 0 0 0 0 0 0
2011 7 13 3 2 1 24 24 23 0 0 0 3 11 2 1 1 1 1 0 0 0 0 0 0 0 0 0 0 0 0 0 0 0 0 0 0 0 0 0 0 0 0 0 0 0 0 0 0 3 0 0 0 0 0 0 0 0 0 0 0 0 0 0 0 0 0 0 0 0 0 0 0 0 0 0 0 0 0 0 0
2011 7 13 3 2 1 26 26 22 0 0 0 0 4 1 1 3 0 1 0 0 0 0 0 0 0 0 0 0 0 0 0 0 0 0 0 0 0 0 0 0 0 0 0 0 0 0 0 0 1 2 4 3 2 0 0 0 0 0 0 0 0 0 0 0 0 0 0 0 0 0 0 0 0 0 0 0 0 0 0 0
2011 7 13 3 2 1 28 28 34 0 0 0 0 2 1 10 5 6 1 1 0 0 0 0 0 0 0 0 0 0 0 0 0 0 0 0 0 0 0 0 0 0 0 0 0 0 0 0 0 0 0 2 2 1 0 0 0 1 0 1 0 1 0 0 0 0 0 0 0 0 0 0 0 0 0 0 0 0 0 0 0
2011 7 13 3 2 1 30 30 22 0 0 0 0 0 0 4 8 6 3 0 1 0 0 0 0 0 0 0 0 0 0 0 0 0 0 0 0 0 0 0 0 0 0 0 0 0 0 0 0 0 0 0 0 0 0 0 0 0 0 0 0 0 0 0 0 0 0 0 0 0 0 0 0 0 0 0 0 0 0 0 0
2011 7 13 3 2 1 32 32 15 0 0 0 0 0 0 0 1 5 1 3 2 1 1 0 0 0 0 0 0 0 0 0 0 0 0 0 0 0 0 0 0 0 0 0 0 0 0 0 0 0 0 1 0 0 0 0 0 0 0 0 0 0 0 0 0 0 0 0 0 0 0 0 0 0 0 0 0 0 0 0 0
2011 7 13 3 2 1 34 34  8 0 0 0 0 0 0 0 0 1 0 0 2 2 1 2 0 0 0 0 0 0 0 0 0 0 0 0 0 0 0 0 0 0 0 0 0 0 0 0 0 0 0 0 0 0 0 0 0 0 0 0 0 0 0 0 0 0 0 0 0 0 0 0 0 0 0 0 0 0 0 0 0
2011 7 13 3 2 1 36 36  5 0 0 0 0 0 0 0 0 0 0 0 0 0 3 1 1 0 0 0 0 0 0 0 0 0 0 0 0 0 0 0 0 0 0 0 0 0 0 0 0 0 0 0 0 0 0 0 0 0 0 0 0 0 0 0 0 0 0 0 0 0 0 0 0 0 0 0 0 0 0 0 0
2011 7 13 3 2 1 38 38  2 0 0 0 0 0 0 0 0 0 0 0 0 0 0 0 1 1 0 0 0 0 0 0 0 0 0 0 0 0 0 0 0 0 0 0 0 0 0 0 0 0 0 0 0 0 0 0 0 0 0 0 0 0 0 0 0 0 0 0 0 0 0 0 0 0 0 0 0 0 0 0 0
2011 7 13 3 2 1 40 40  1 0 0 0 0 0 0 0 0 0 0 0 0 0 0 1 0 0 0 0 0 0 0 0 0 0 0 0 0 0 0 0 0 0 0 0 0 0 0 0 0 0 0 0 0 0 0 0 0 0 0 0 0 0 0 0 0 0 0 0 0 0 0 0 0 0 0 0 0 0 0 0 0
#
#_Marginal age comps (ghost; fleet negative) for Abrams data
2010 7 -13 3 2 1 -1 -1 239 0 2 4 25 6 19 41 17 10 11 8 6 4 4 2 1 2 1 0 0 0 0 0 0 0 0 0 0 0 0 0 0 0 0 0 0 0 1 7 22 4 15 13 5 4 2 1 1 1 0 0 0 0 0 0 0 0 0 0 0 0 0 0 0 0 0 0 0 0 0 0 0
2011 7 -13 3 2 1 -1 -1 169 0 0 4 7 26 5 18 18 19 7 4 5 3 5 4 2 1 0 0 0 0 0 0 0 0 0 0 0 0 0 0 0 0 0 0 0 0 1 0 4 13 4 7 6 3 0 0 0 1 0 1 0 1 0 0 0 0 0 0 0 0 0 0 0 0 0 0 0 0 0 0 0
-9999   0 0 0 0 0 0 0 0 0 0 0 0 0 0 0 0 0 0 0 0 0 0 0 0 0 0 0 0 0 0 0 0 0 0 0 0 0 0 0 0 0 0 0 0 0 0 0 0 0 0 0 0 0 0 0 0 0 0 0 0 0 0 0 0 0 0 0 0 0 0 0 0 0 0 0 0 0 0 0 0
#
0 #_Use_MeanSize-at-Age_obs (0/1)
#
0 #_N_environ_variables
#Year Variable Value
0 # N sizefreq methods to read 
#
0 # do tags (0/1)
#
0 #    morphcomp data(0/1) 
#  Nobs, Nmorphs, mincomp
#  yr, seas, type, partition, Nsamp, datavector_by_Nmorphs
#
0  #  Do dataread for selectivity priors(0/1)
# Yr, Seas, Fleet,  Age/Size,  Bin,  selex_prior,  prior_sd
# feature not yet implemented
#
999

ENDDATA
